000000
010100111010
111111
010010001000110000011110000111011010010110
000000010010
101001111110
000110
0101010100111010
00000000010000010001000100
000010000
101001100111111111101
110101111
000100110
010
01010000100011100011101101010
00000000000010000
11000010001110000110010
101001000001111000110100
11000001110001100
00001000000100
00000000100010100
00000000100
010010010100100111001101000111111100101101111010101100101110
01010100010100011100101111011010110
01010110100111110101
01011001110101
0000010000010000001000100001010
00010000000000100010
00010100001
00100001
11001000100101111000110111000110
1010101010101101011111100110111101010
1101000101110010111010
1010101111001101111111111111111011
1101101111111
1011011011111111111101
11111111
001000100000010010
001010001101
01101
0010000001000101010
01001101
0100000001010
11
0001001001110101101
000010000000001000010
0010000
111111111
1111111
0011010010101101011
0010100100101
011001111101
0100110
011101
111
0110
001000000100
1
01001001010100100111010110101001111100011111110101010010111101110110101100101110
0100100010100011000001000111110000011101111010010110
0101010000101000110011001001111011111010110
0101000001000100110001110111101010
0000010000001000000100011000010010001010
00000000001000000001100001000100
0001001001000001
0000010000000
00001010000000100001000010
0001000000001000001010010
00000000000000010000
001000100001
000000000
1100100100100101110011110001010111111000110
101010100101011101011100011111010110111011101010
110100001010011001011111010
10100100000010001110001110100
1100001010001001111000001110010
11101000111
110000001001100011100
110100111
0010000000000100010101010
0011001010110110011011110101011
011000111100111101101
0010010000010101
010000010101
001001000010110101
000010000110
01000001110
000000000000100010100
000000110
001000010000010000110010
01010001
01000000000011010
10001
0000010000010000100
001000
001000000000100
00000000000100
1000
000
0101001001000101111000011101101010
000001010000101000100111101000101110001010
000000100010000011000101100100
000110110101110101
000101001010
0000100000100010000
00100100
1111101011111011110110110111
11110111101110011
10100110000011111100001110100
1111111111
110010001111100001100
11111111
000010010000001100001111110010110
0001000001000010010
10101100111011101
01001
001110100101011101001101011
001101000110101
001101000111000101
00101001110
01100111010
00010000011000110100
01001110
00101001000110001110010
0111011
11101101011
1111
00010100010001100
01101
00110001000100
0010001000100
111
11
0101001010011110001110111111001001011101101011010
01010000100111110010111100111101011011101110101011010
01010001001111000111111001101110101011010
000010100001000010001001100000010
00000000000000001000000
000100100011001100
000001000000
00001000010000010110000010
0000100000010000100000
0000000000000100000
00100010000
00000000
111101011101110110111
1110111010011
10100100000000111100011100010111100100
1010011000010010111111110100101110100100
10100100000001111100101100100
110000000111001100101111000
111100111111010
11001000011111100010111000
11101111110
1110011110
110000001111001011000
11011110
0011001110101111110111111100110010101
0010010101111111010
010101110
00110000100010000
0000100101101110101011000111101010101111101110010110
000100010001000101100010
000100001001011101001100100
001000010001000
01100011111111010010
110100
0101001110
01000111111010
1101101
1010
0000000000010001000100100
001000000000001000
0000000000001000
100001001
00000
0010011100111111101010101
00001001010
01000111010
00000000001000100100
00001010
1001
00100
00100000001000
0000000001000
100
00
0000000010011010110101011100011110101100101101010100
000000010011001101001111001110110010100
0001010110110011111101011101
00001010110111100110
0001010111011101100011101011101110110111
000010110111010001111010101
000001001111001011100110101101010100
0001011101001110101
000111011110111101111111010111010110110111
0001101110111011101111010110111
00010110111011111001
000010011100011100110100100
0011011110111110110110111
00101110111001
111011111100011111111011
1100010111100111001111010101101100
110111110011111101
1111111111111111111111101011111111111011
1111111111111111011111111
111111111111111111
1100101110011111001011100
11111111111111
01111101111111111000101
0010101111001011100101110111010
1111111111111111011101
1010111110100011111101111011
010111110000111111101
01001101111101111110010101
1011110111101
111111111111101111
1111111111
00001011111001100110101011110111010
000001010111010110001110101101110100
00010111100110011010101100
00111100111101
101111100011111111
01111001111
0000010110110100111001010111101110010110
0001101111110010101
0001110011111111110
010110111111110
0000101011010111001101110100
00110111111110
0111110111111111111
101111101111111011
1111111111
01110111111
000101111001100101110111010
0010111001100101100
111111111
0111111101
11111111
00000110000001101101011
00010111101001111101110111
00100110100101110110111
0000100011011011
00101111011111010111
00010011000111110001110110101011
00010110011001101101011
00000110001011100101011
000011000110101011
0010010111100111001011
0000101111001011
0010101101101011
00101101111010111
000101101011
111101111111111
11101111111110001111110101111101111011
11111111111111110111111111011
11011111110011111111101111
1111111111111111111111
1110110001110011111011
110110011111111
111011111111110111
11111111101111111011
11111111111111
1111111011111011
11011111110111
111111111111
00101000100011111010
10111110111
1111111111111111
1111011101110111
11111111
000010000000111111010
01111100111111111
010011111
00000100010000111110010110
001110110111111111101
001011111101
11111111
011011111
111111111111111
11111111111111
00010000011111010
1111111
01110111
111111
0100100010001101000101111111010000111011011010010110
010100001100101111101001110110101010
000000000101000101110100010100100
0001010110111100110111110110101011101
00010010110111101100101101
00001010111101011111000110
00000011011100010
00010111011110111111101001
00101111110111111101010111
001011111011111001
000011101011011001101011
0000110101100
000000010010110100101110000
00000010010110100101000
00011101111001011
0001101100
10101011110101110111110111111110111111111111011
10110110111111011111111111101
101001000100111111010011010100
10100110101111111111111111101
10100111111111110
111111111111111111111111111111
11111111111100111111011
111111111111111111
11111111111111111111111
1111111111111111111
1111111111111111
11111111111
110000100111111010101110000
1100010011111010011000
1111111111
011101111
111111111
111111111111111011111111011
011111000111
11111111111110101
111111
000010101111001111110
0000111100111110
0111001
0011101111011011111111111101
0000010100111101000111110010110
00101111111111101
001000010011101001101010
00101010101111111101
0100111111101
0001110101111110111111011110
00101010111110100101
000101011111110
010110111110111110110
010011111010
000000100111010010100
0011011111011111110
0001111110
011111101111111110111111111
0111011111
1011111110111111111011101011
111111111111111
101101110101
111111
01110111111111
01111011111111101
0110111
111111111111101111111
1111111111111
01111111111101
1111111111111111111
111111111111
000010011010011000
000110011010011111010
000100110100100
111111011111
11111
011110
1111111111
1111
000000001000000100110000
0000100010100
00000001000010110000
001010101100001
000101100
11011110011111111111
111111111111111
1101100111111
1111111111011111101
111111111
0111011101011011
1111010101
11111111111111
01001010110110101
111111011
11111
00001010010000101111111010
00000100101100100101011100
0010001000001011000
00000100000101100
10100110
0111111100011101111111011
0111001111111
01010110001111011
101001111
00101100111
011111000111111
010011
000100111110
000111110
1111111111111110111
0111111101111111101
111111111111111
01110111101110011
0110111111
111111111
1111111101
1111111
01101011011
1111111111111
101111101
11111
0000100101001101100
010111
01111101111101
11111111101111111011
11111111111
0000010000101100010
001001000101100
000101000010111111010
00001000101100
1111
01110
111111111
111
0000001100111001010
0000000010010
0001001101011
0000000
10100110111111110111110
101000111111110
110000000110011000011100
110000001110001100
1101111
0110010
0110001110110
11011
110011101
1010110111011011
100110
11100111011
1100111
010001110
11011
101
0000000100000100
01000010011110
000011101001101110101
10000001001
0000000
0000000110
10100011111
01000111
100001
0000
01001101111010
000110111110
01000110
0001010110101
0000110
111111101111111111111
11111101111111
0110110
1111011111101
11101111
111011111
11011
1111101111111
110111
10001
1100011
101
011001111111
0100
111101111
000000000100
11011111
10
010011011011
000
1011111
1011
0
0101011010011111100101101101
010101010011110011010
010100111101100
0000110011001101101011
000101001001101
000010010010
0000101111101101011
00000101100
00010111011011
00001010
1101101111110111111
1010010000011111100001110100
10100011110111111110
101001111111110
11000010001111000011110010
110101111111
1111111011
1100000111100011100
11111111
01111110001110011011
11111111
11111001111111011
01100110111
1111
00000000011000100010110100
000000110000101100
011110011
00001001110
01001
000000000011000011100100
0000111110
01000110111010
0000111010
010011110
00000000110000110100
00011110
11111111111111101111
0111111111111111001
1111111111111111
111111101111101
1111110101
01111110
111111111
111111
011111011110111111111111
0111011011
01101111
11111111111101111
1111111111111
101111111101
1111111
101101
1111
011001111011111111
011011111111
0100111
0000100010001100
0110110
01110111011111
01011
111111111101011111111011
11111111110111
11111111111111111
1111111111
0000001000111000
0000010001100
001010
011
111
0110
11111111
11111
11
010100111111011010
01010011111010
0000100111001010
00001001100
0000111010
00001100
11011100111010111101
11111110111101
11101110001111
11011001111
1111111111
1111111101111
111111111
1111111111111
11111111111
11111111
0101011110011001
1001110110
10111110111110101
10111010
11110111111
111101101
11111111111111111
11111111
111111111111
1111
0001000110
00111110011111101
00100110
0111111000111110111
0110011011
0111110011111
01001
0000001001111101001010100
00011111110110
0000000011001010100
00011011110
00011110
01101111010
011111100
11011111
00010011101010100
111111
1111111
1111
01101110110
010111011
0010101001
011011
01011
11111111101101
011111111101
1111111111111
1111111111
11111111111
1111111
001110110
011111
11111
011110
1111
0000010010100
00110
011
111
0110
11111111
11111
11
01010000100011110000111011101010
0000000010100010
0001001011011011
000001000110000
00000100
00000000010000011000100100100
00000001100010
00101111010111011010111
0000100100
000000000010100001010000
0000000001000101000
00000110000
00010101101011
0000100
1111011111111111111
111001111110
110111111
111111111101111110111111111
1111111101110111011
11111111111111
1101100111
11111111
110000001110110001011000
1100000111100001100
1111101111
110111110
1111111
0110011100001
1011001
111110011
111
011000011
0100
01000101010
00101000101101101
000010110
0010100110010101
00010011110
010011010
000000001100010100
0001110
011111111101101
011010
11110111111
1111111111111011
111111111111
111
11111111
11111
01101100101011
0110101
110110111
10010101
10111
1111011
1111111111
111
0100110
0101
111111101111101111
01111111101
111111111111
1111110111111111
111111111
111
000000100001000
000100100011111010
000001000100
11011110111
101
0010
101111111
10111
01
111110111
111010101101
11
010
1111111
1111
1
000100100011101101101
0000000010010
0000100111000101110010010100100
0010111001110001
00000000001000010000
00001000
0001001101011
0000000
10100110010111101111111101
10100101111110
111101110111111
110010111001011110010111100
1111111011111111
110000010110001100
1110111
111110111010
1111011
1101
0100011
010001100101
101
010001
0111100011001
01110001
01000
0100001111011
0100001
100001
0000
000010001100010
000001010
00100111111101
01100101111101
0100011101
0001001011100110
000100011010
01000110
0001011110
0000110
000001000010100
111110101111011111
01011
01010
111111011110010101
1101
1111101111011
101
1111101101111
1111011
111101101
11101
111110111111
100101
110111
101
01100111111
01010101
0100
11110011111
00101110001100101100
11111011101
111101111
11011
101
000000000100
00
110
11001101
10
11011111
110111
10
000
1011111
1011
0
010100111110010110
0101010100111100110
01010011110010
0010111011110001
000101001000101
00001001000
00001100100
00001000
101001111101110
110101111011
11010011100101
1111111101101
111111101
11111110111
11111101
0110110001
111111100
11011001
111100
0100011011
10110
10110
111101
01001101
111111111101
1110
010001001
000010
0100101
00010
000000000011000010100100
0000110110
00001100010
0000000011000010100
00011010
000001100010100
011011
1110111
111010
1101
111110
0111010011
01101011
1111111110111
1101
011010111111
01011101
0010100
011010
01010
111111111101011101111011
1111111111011
11111111101111111
1111111101
111011
1101
0000001000011000
0000010000100
1010001
101101
00100
10101
010
00100
010
110
110
0100
11011111
11101
10
0000100001010001
000000000001
000100110001
00100010000001
00000000001
00100100001
000000001
111111101101
11111101101
111110101
11110011111011
110001
110101101
1100101
11001111011
11111111000101
10001
110100001
111001
1010001
111011111011
11101101
11101011
11001
10100011001
1000001
0000001010101
010001101
0010000101
000001
0001100101
0001111100101
000100101
11011111011
10101
01101110001
1111101111011
11111011101
1111001
1110111110111
110011
11011110111
10011
01010001
0100101101
0100001
01110111011101101
0100001
01010101
01110111110101
010001
1111111101101
111101110101
11111110101
110011111011
110111101
10101
00000000010010
0001
0001
1101111011
110101
1001
100001
1101101
1001
00001
101111011
101101
001
01011001110011101
01010011100110
00010000000000010110010
000000010
00001000000000010000010
001000000
000000000000010000
0000000001
0010000101
0000000
111111110111111111
1111110111111
111111011
1111101
0100
010100
11001
100
11111110111
111011
0100100
110001
110
000000000000100
010001
0000
00001010
0001001010
00001010
0001010
111011011
11111111011
11011
101
1111110111111001
1111111111101
110110
111101010
111010
1111110101
1111100
1111101
11110
011001
1001
11011
101
011001
0100
1111111101
111111110111111
111111101
10001
1010101
0001
1101
101
00000000001100
00000000001000
0010000000100
000000000100
100
00
010
00
10
10
0110100
000
11101111111
1011111
1101
0
0000000101010
00011011010
0010110111101110111
0000000000001011000
0001011011011
001000101
0000010
11000000111000111100
110111111
11011111111010111
11111111111111
110000011100011100
1101111100
1111111
11111110101
1111111
1111
11101
11111
11111
111
00010011110
01001110
0001110
0100101
0101
101101
1100101011
00101
101101
1010011
0101
0000000001100
000000001100
01011
01
10111111
1111111111
11111111
011110111
1111111111
1111111
111111
1111
011110011101
11111111
111
10111
111
01000111
01001
101
11
111111
1010
11
01110
010
11111011
101
01
111101
01
01110011
0001
111111111111
111
11111
111111111
1
00001000010
000000000000100000
0000000001
0000000
1111111110111
111111110111
111111101
111111110
1111110
1111011
110001
11101
110
0001001010
00001010
00001010
0000000010001010100
0001010
011001
010100
0100
10001
10110111011
1011001
0001
00000000010000
0010000001000
000000000001000
000000001000
0100
01110001011
000001
111010
100
00
11110111
111111111101111
1110111
1111111111011
1110
110
111110
10
1111110
11101
11001011
11010
10101
11110
110
11011
1001
101
1111111101
010
10
10
00010
000
100
110110
00
00
011100101
0000
11111111101
110
1111111111101
11110
111111101
0
0101001110110
0000100010
000010110
0000010
110111110
11111011
1111111111
11111101
11111111
1111111111
1111111
1111
11111
111
000000001000110100
0001110
01101
0101
1011111011
101011
0101
01000000011010
0001001101001100
000000001100
00001
1110111
01
1111111
111111111111
11111
1111
1111
0110
011
00011
101
11
1111
110111
1011
1101
010011
111
111
11
101
11
0010
010
101
00001
01
01
011110011111
0001
111
11111
01
111111111
1
000010010
001000101
0001011011011
0000010
110000011100011100
1111101101
1111111
1111
111111111
11101
1111
111
01001110
0001110
000010000001100
0100101
0101
0101
0000000001100
0000000001100
000000001100
01
1111111111
1111111
111111
11111
111111
1111
11
111
011
00011
011
11
10101
1111
1011
1011
111
01001
0110
101
101
11
1101
11
01110
010
000101
1001
1001
101
01
1011
01
0001
1101
111
111101
11111
01
111111111
1
01001001010100100111010110101001111100011111110101010010111101110110101100101110
