5- 2- 6- 4+ 3+ 1-:6:[0, 3, 15, 30, 60, 69]
4- 6+|3+ 5- 2- 1-:12:[0, 1, 3, 4, 15, 30, 34, 41, 43, 60, 61, 69]
5- 6+ 2- 4- 3+ 1-:6:[1, 4, 34, 41, 43, 61]
6-|5- 2- 1-|3-|4-:42:[0, 1, 2, 3, 4, 5, 6, 8, 9, 12, 15, 16, 17, 18, 20, 22, 25, 27, 30, 34, 41, 43, 44, 46, 48, 50, 55, 56, 57, 58, 60, 61, 68, 69, 70, 72, 73, 74, 75, 77, 78, 79]
6- 5- 2- 1-|4- 3-:12:[0, 2, 3, 12, 15, 20, 30, 44, 60, 69, 74, 75]
4- 5- 2- 1-|6- 3-:12:[1, 2, 4, 12, 20, 34, 41, 43, 44, 61, 74, 75]
5- 3- 2- 6- 4- 1-:6:[2, 12, 20, 44, 74, 75]
6- 4+|5- 2- 1-|3-:16:[0, 1, 3, 4, 5, 9, 15, 18, 22, 30, 34, 41, 43, 60, 61, 69]
6- 5- 2- 1-|4+|3-:26:[0, 2, 3, 5, 6, 8, 12, 15, 16, 18, 20, 22, 25, 27, 30, 44, 46, 48, 55, 56, 60, 69, 72, 74, 75, 79]
3-|6- 4+ 5- 2- 1-:9:[0, 3, 5, 15, 18, 22, 30, 60, 69]
5- 2- 1-|4+|6- 3-:21:[1, 2, 4, 5, 12, 17, 18, 20, 22, 34, 41, 43, 44, 57, 58, 61, 68, 70, 74, 75, 78]
5- 2- 1-|6- 4+ 3-:9:[1, 4, 5, 18, 22, 34, 41, 43, 61]
6- 5- 2- 3- 1-|4+:9:[2, 5, 12, 18, 20, 22, 44, 74, 75]
5- 3- 2- 6- 4+ 1-:3:[5, 18, 22]
6-|4-|5- 2- 1- 3+:29:[0, 1, 3, 4, 6, 8, 15, 16, 17, 25, 27, 30, 34, 41, 43, 46, 48, 55, 56, 57, 58, 60, 61, 68, 69, 70, 72, 78, 79]
6- 5- 2- 3+ 1-|4-:17:[0, 3, 6, 8, 15, 16, 25, 27, 30, 46, 48, 55, 56, 60, 69, 72, 79]
6-|5- 2- 1-|4- 3+:23:[1, 4, 5, 6, 8, 16, 18, 22, 25, 27, 34, 41, 43, 46, 48, 50, 55, 56, 61, 72, 73, 77, 79]
6-|3+|4- 5- 2- 1-:24:[1, 2, 4, 6, 8, 9, 12, 16, 20, 25, 27, 34, 41, 43, 44, 46, 48, 55, 56, 61, 72, 74, 75, 79]
6-|3+ 4- 5- 2- 1-:17:[1, 4, 6, 8, 16, 25, 27, 34, 41, 43, 46, 48, 55, 56, 61, 72, 79]
6- 5- 2- 1-|4- 3+:14:[5, 6, 8, 16, 18, 22, 25, 27, 46, 48, 55, 56, 72, 79]
3+|6- 4- 5- 2- 1-:17:[2, 6, 8, 12, 16, 20, 25, 27, 44, 46, 48, 55, 56, 72, 74, 75, 79]
5- 2- 6- 4- 3+ 1-:11:[6, 8, 16, 25, 27, 46, 48, 55, 56, 72, 79]
6+|5-|4-|3+|2+ 1+:60:[0, 1, 2, 3, 4, 5, 6, 7, 8, 9, 12, 13, 14, 15, 16, 17, 18, 19, 20, 22, 23, 24, 25, 26, 27, 29, 30, 33, 34, 39, 40, 41, 43, 44, 46, 48, 49, 50, 51, 54, 55, 56, 57, 58, 59, 60, 61, 67, 68, 69, 70, 71, 72, 73, 74, 75, 76, 77, 78, 79]
5- 3+|6+|4-|2+ 1+:35:[0, 1, 3, 4, 6, 7, 8, 15, 16, 17, 25, 26, 27, 29, 30, 34, 41, 43, 46, 48, 51, 55, 56, 57, 58, 59, 60, 61, 68, 69, 70, 72, 76, 78, 79]
4- 6+|5-|3+|2+ 1+:20:[0, 1, 3, 4, 5, 7, 9, 15, 18, 22, 30, 33, 34, 41, 43, 54, 60, 61, 69, 76]
4- 6+|5- 3+|2+ 1+:14:[0, 1, 3, 4, 7, 15, 30, 34, 41, 43, 60, 61, 69, 76]
2+ 1+ 6+|5-|4-|3+:31:[0, 2, 3, 5, 6, 7, 8, 12, 13, 15, 16, 18, 20, 22, 25, 27, 29, 30, 44, 46, 48, 55, 56, 60, 67, 69, 72, 74, 75, 76, 79]
5- 3+|4-|2+ 1+ 6+:20:[0, 3, 6, 7, 8, 15, 16, 25, 27, 29, 30, 46, 48, 55, 56, 60, 69, 72, 76, 79]
5-|3+|2+ 4- 6+ 1+:11:[0, 3, 5, 7, 15, 18, 22, 30, 60, 69, 76]
5- 3+|2+ 4- 6+ 1+:8:[0, 3, 7, 15, 30, 60, 69, 76]
6+|5-|2+ 1+|4- 3+:32:[1, 4, 5, 6, 7, 8, 13, 16, 18, 22, 25, 26, 27, 33, 34, 41, 43, 46, 48, 50, 51, 54, 55, 56, 59, 61, 67, 72, 73, 76, 77, 79]
6+|3+|2+ 1+|4- 5-:37:[1, 2, 4, 6, 7, 8, 9, 12, 14, 16, 19, 20, 23, 24, 25, 26, 27, 34, 39, 40, 41, 43, 44, 46, 48, 49, 51, 55, 56, 59, 61, 71, 72, 74, 75, 76, 79]
6+|4- 5- 3+|2+ 1+:22:[1, 4, 6, 7, 8, 16, 25, 26, 27, 34, 41, 43, 46, 48, 51, 55, 56, 59, 61, 72, 76, 79]
5-|4-|2+ 1+|6+ 3+:34:[1, 2, 4, 5, 7, 12, 14, 17, 18, 19, 20, 22, 23, 24, 29, 33, 34, 39, 40, 41, 43, 44, 49, 54, 57, 58, 61, 68, 70, 71, 74, 75, 76, 78]
5-|4- 6+ 3+|2+ 1+:13:[1, 4, 5, 7, 18, 22, 33, 34, 41, 43, 54, 61, 76]
4- 5-|2+ 1+|6+ 3+:22:[1, 2, 4, 7, 12, 14, 19, 20, 23, 24, 34, 39, 40, 41, 43, 44, 49, 61, 71, 74, 75, 76]
4- 5- 6+ 3+|2+ 1+:8:[1, 4, 7, 34, 41, 43, 61, 76]
5-|2+ 1+ 6+|4- 3+:18:[5, 6, 7, 8, 13, 16, 18, 22, 25, 27, 46, 48, 55, 56, 67, 72, 76, 79]
5-|4-|2+ 1+ 6+ 3+:12:[2, 5, 7, 12, 18, 20, 22, 29, 44, 74, 75, 76]
5-|1+ 2+ 4- 6+ 3+:5:[5, 7, 18, 22, 76]
3+|2+ 1+ 6+|4- 5-:19:[2, 6, 7, 8, 12, 16, 20, 25, 27, 44, 46, 48, 55, 56, 72, 74, 75, 76, 79]
2+ 1+ 6+ 3+|4- 5-:8:[2, 7, 12, 20, 44, 74, 75, 76]
4- 5- 3+|2+ 1+ 6+:13:[6, 7, 8, 16, 25, 27, 46, 48, 55, 56, 72, 76, 79]
5- 1+ 6+ 2+ 4- 3+:2:[7, 76]
6+|5- 2- 1-|4- 3-:19:[0, 2, 3, 9, 12, 15, 17, 20, 30, 44, 57, 58, 60, 68, 69, 70, 74, 75, 78]
5- 2- 1-|4-|3- 6+:21:[0, 3, 6, 8, 9, 15, 16, 25, 27, 30, 46, 48, 50, 55, 56, 60, 69, 72, 73, 77, 79]
5- 2- 1-|4- 3- 6+:7:[0, 3, 9, 15, 30, 60, 69]
4- 5- 6+|3-|2- 1-:9:[1, 4, 7, 9, 34, 41, 43, 61, 76]
3-|4- 5- 2- 6+ 1-:7:[1, 4, 9, 34, 41, 43, 61]
6+|5-|4-|2- 3- 1-:19:[2, 5, 7, 9, 12, 18, 20, 22, 26, 29, 44, 50, 51, 59, 73, 74, 75, 76, 77]
6+|4-|5- 2- 3- 1-:13:[2, 5, 9, 12, 18, 20, 22, 44, 50, 73, 74, 75, 77]
6+|2- 3- 1-|4- 5-:12:[2, 7, 9, 12, 20, 26, 44, 51, 59, 74, 75, 76]
6+|4- 5- 2- 3- 1-:7:[2, 9, 12, 20, 44, 74, 75]
4- 6+|2- 3- 1-|5-:6:[5, 7, 9, 18, 22, 76]
2- 3- 1-|4- 5- 6+:3:[7, 9, 76]
4- 6+|5- 2- 3- 1-:4:[5, 9, 18, 22]
4- 5- 2- 1-|3- 6+:12:[6, 8, 9, 16, 25, 27, 46, 48, 55, 56, 72, 79]
5- 3- 6+ 2- 4- 1-:1:[9]
5-|3+|6-|4-|2-|1+:80:[0, 1, 2, 3, 4, 5, 6, 7, 8, 9, 10, 11, 12, 13, 14, 15, 16, 17, 18, 19, 20, 21, 22, 23, 24, 25, 26, 27, 28, 29, 30, 31, 32, 33, 34, 35, 36, 37, 38, 39, 40, 41, 42, 43, 44, 45, 46, 47, 48, 49, 50, 51, 52, 53, 54, 55, 56, 57, 58, 59, 60, 61, 62, 63, 64, 65, 66, 67, 68, 69, 70, 71, 72, 73, 74, 75, 76, 77, 78, 79]
5- 2-|4-|3+|1+|6-:52:[0, 1, 2, 3, 4, 5, 6, 8, 9, 10, 11, 12, 15, 16, 17, 18, 20, 22, 25, 27, 30, 34, 36, 37, 38, 41, 42, 43, 44, 45, 46, 48, 50, 53, 55, 56, 57, 58, 60, 61, 62, 65, 68, 69, 70, 72, 73, 74, 75, 77, 78, 79]
5- 3+|6-|4-|2-|1+:43:[0, 1, 3, 4, 6, 7, 8, 10, 15, 16, 17, 25, 26, 27, 29, 30, 34, 35, 37, 38, 41, 43, 46, 48, 51, 52, 55, 56, 57, 58, 59, 60, 61, 62, 65, 66, 68, 69, 70, 72, 76, 78, 79]
6-|4-|5- 2- 3+|1+:34:[0, 1, 3, 4, 6, 8, 10, 15, 16, 17, 25, 27, 30, 34, 37, 38, 41, 43, 46, 48, 55, 56, 57, 58, 60, 61, 62, 65, 68, 69, 70, 72, 78, 79]
5-|4-|3+|6- 2-|1+:40:[0, 2, 3, 5, 6, 7, 8, 10, 12, 13, 15, 16, 18, 20, 22, 25, 27, 29, 30, 35, 36, 37, 38, 44, 45, 46, 48, 53, 55, 56, 60, 64, 66, 67, 69, 72, 74, 75, 76, 79]
6- 5- 2-|4-|3+|1+:32:[0, 2, 3, 5, 6, 8, 10, 12, 15, 16, 18, 20, 22, 25, 27, 30, 36, 37, 38, 44, 45, 46, 48, 53, 55, 56, 60, 69, 72, 74, 75, 79]
5-|4- 1+|3+|6- 2-:16:[0, 3, 5, 7, 10, 15, 18, 22, 30, 35, 36, 37, 38, 60, 69, 76]
6- 5- 2-|4- 1+|3+:13:[0, 3, 5, 10, 15, 18, 22, 30, 36, 37, 38, 60, 69]
5- 2-|4-|1+|6- 3+:26:[0, 3, 6, 8, 9, 10, 11, 15, 16, 25, 27, 30, 37, 38, 42, 46, 48, 50, 55, 56, 60, 69, 72, 73, 77, 79]
5- 3+|6- 2-|4-|1+:25:[0, 3, 6, 7, 8, 10, 15, 16, 25, 27, 29, 30, 35, 37, 38, 46, 48, 55, 56, 60, 66, 69, 72, 76, 79]
6- 5- 2- 3+|4-|1+:20:[0, 3, 6, 8, 10, 15, 16, 25, 27, 30, 37, 38, 46, 48, 55, 56, 60, 69, 72, 79]
5- 3+|6- 2-|4- 1+:12:[0, 3, 7, 10, 15, 30, 35, 37, 38, 60, 69, 76]
6- 5- 2- 3+|4- 1+:9:[0, 3, 10, 15, 30, 37, 38, 60, 69]
6-|5-|2-|1+|4- 3+:43:[1, 4, 5, 6, 7, 8, 10, 11, 13, 16, 18, 22, 25, 26, 27, 31, 33, 34, 37, 38, 41, 42, 43, 45, 46, 48, 50, 51, 53, 54, 55, 56, 59, 61, 63, 65, 66, 67, 72, 73, 76, 77, 79]
6-|3+|2-|1+|4- 5-:48:[1, 2, 4, 6, 7, 8, 9, 10, 12, 14, 16, 19, 20, 21, 23, 24, 25, 26, 27, 28, 32, 34, 36, 37, 38, 39, 40, 41, 43, 44, 46, 47, 48, 49, 51, 55, 56, 59, 61, 64, 65, 66, 71, 72, 74, 75, 76, 79]
6-|4- 5- 3+|2-|1+:27:[1, 4, 6, 7, 8, 10, 16, 25, 26, 27, 34, 37, 38, 41, 43, 46, 48, 51, 55, 56, 59, 61, 65, 66, 72, 76, 79]
6-|3+|1+|4- 5- 2-:29:[1, 2, 4, 6, 8, 9, 10, 12, 16, 20, 25, 27, 34, 36, 37, 38, 41, 43, 44, 46, 48, 55, 56, 61, 65, 72, 74, 75, 79]
5- 2-|4- 3+|1+|6-:31:[1, 4, 5, 6, 8, 10, 11, 16, 18, 22, 25, 27, 34, 37, 38, 41, 42, 43, 45, 46, 48, 50, 53, 55, 56, 61, 65, 72, 73, 77, 79]
6- 1+|3+|4- 5- 2-:11:[1, 4, 9, 10, 34, 36, 37, 38, 41, 43, 61]
6-|4- 5- 2- 3+|1+:21:[1, 4, 6, 8, 10, 16, 25, 27, 34, 37, 38, 41, 43, 46, 48, 55, 56, 61, 65, 72, 79]
6- 1+|4- 5- 2- 3+:9:[1, 4, 10, 34, 37, 38, 41, 43, 61]
6- 2-|3+|1+|4- 5-:25:[2, 6, 7, 8, 10, 12, 16, 20, 25, 27, 36, 37, 38, 44, 46, 48, 55, 56, 64, 66, 72, 74, 75, 76, 79]
6-|5-|4-|1+ 3+|2-:31:[2, 5, 7, 9, 10, 12, 18, 20, 21, 22, 26, 28, 29, 31, 32, 37, 38, 44, 47, 50, 51, 59, 62, 63, 64, 65, 73, 74, 75, 76, 77]
6-|1+ 3+|2-|4- 5-:21:[2, 7, 9, 10, 12, 20, 21, 26, 28, 32, 37, 38, 44, 47, 51, 59, 64, 65, 74, 75, 76]
5-|4-|1+ 3+|6- 2-:16:[2, 5, 7, 10, 12, 18, 20, 22, 29, 37, 38, 44, 64, 74, 75, 76]
6- 2-|1+ 3+|4- 5-:12:[2, 7, 10, 12, 20, 37, 38, 44, 64, 74, 75, 76]
6-|4-|1+ 3+|5- 2-:18:[2, 5, 9, 10, 12, 18, 20, 22, 37, 38, 44, 50, 62, 65, 73, 74, 75, 77]
6- 5- 2-|4-|1+ 3+:12:[2, 5, 10, 12, 18, 20, 22, 37, 38, 44, 74, 75]
6-|1+ 3+|4- 5- 2-:11:[2, 9, 10, 12, 20, 37, 38, 44, 65, 74, 75]
6- 4- 5- 2-|3+|1+:21:[2, 6, 8, 10, 12, 16, 20, 25, 27, 36, 37, 38, 44, 46, 48, 55, 56, 72, 74, 75, 79]
6- 4- 5- 2-|1+ 3+:9:[2, 10, 12, 20, 37, 38, 44, 74, 75]
5-|6- 2-|1+|4- 3+:24:[5, 6, 7, 8, 10, 13, 16, 18, 22, 25, 27, 37, 38, 45, 46, 48, 53, 55, 56, 66, 67, 72, 76, 79]
5-|6- 2-|4- 1+ 3+:8:[5, 7, 10, 18, 22, 37, 38, 76]
6- 2-|4- 5- 3+|1+:17:[6, 7, 8, 10, 16, 25, 27, 37, 38, 46, 48, 55, 56, 66, 72, 76, 79]
6- 2-|4- 5- 1+ 3+:5:[7, 10, 37, 38, 76]
6- 5- 2-|4- 3+|1+:19:[5, 6, 8, 10, 16, 18, 22, 25, 27, 37, 38, 45, 46, 48, 53, 55, 56, 72, 79]
6- 5- 2-|4- 1+ 3+:6:[5, 10, 18, 22, 37, 38]
4- 5- 2-|1+|6- 3+:15:[6, 8, 9, 10, 16, 25, 27, 37, 38, 46, 48, 55, 56, 72, 79]
6- 4- 5- 2- 3+|1+:14:[6, 8, 10, 16, 25, 27, 37, 38, 46, 48, 55, 56, 72, 79]
6- 1+ 3+|4- 5- 2-:4:[9, 10, 37, 38]
5- 1+ 2- 6- 4- 3+:3:[10, 37, 38]
6+|4+|1+ 3-|5- 2-:34:[0, 1, 3, 4, 6, 8, 11, 15, 16, 17, 25, 27, 30, 34, 36, 41, 42, 43, 45, 46, 48, 53, 55, 56, 57, 58, 60, 61, 68, 69, 70, 72, 78, 79]
1+ 6+|5-|4+|3-|2-:42:[0, 2, 3, 5, 6, 7, 8, 11, 12, 13, 15, 16, 18, 20, 21, 22, 25, 27, 28, 29, 30, 31, 32, 42, 44, 46, 47, 48, 52, 55, 56, 60, 62, 63, 65, 67, 69, 72, 74, 75, 76, 79]
1+ 6+|4+|3-|5- 2-:30:[0, 2, 3, 5, 6, 8, 11, 12, 15, 16, 18, 20, 22, 25, 27, 30, 42, 44, 46, 48, 55, 56, 60, 62, 65, 69, 72, 74, 75, 79]
3-|1+ 6+|5-|2- 4+:18:[0, 3, 5, 7, 11, 15, 18, 21, 22, 28, 30, 32, 42, 47, 60, 62, 69, 76]
1+ 6+|3-|2- 5- 4+:12:[0, 3, 5, 11, 15, 18, 22, 30, 42, 60, 62, 69]
5- 2-|4+|1+ 6+ 3-:19:[0, 3, 6, 8, 11, 15, 16, 25, 27, 30, 42, 46, 48, 55, 56, 60, 69, 72, 79]
1+ 6+ 3-|4+ 5- 2-:8:[0, 3, 11, 15, 30, 42, 60, 69]
4+|3-|5- 6+|1+|2-:28:[1, 4, 7, 9, 11, 13, 17, 29, 34, 35, 41, 42, 43, 50, 57, 58, 61, 62, 64, 65, 66, 67, 68, 70, 73, 76, 77, 78]
4+ 3-|2-|1+|5- 6+:17:[1, 4, 7, 11, 13, 34, 41, 42, 43, 50, 61, 65, 66, 67, 73, 76, 77]
5- 2-|4+ 1+|3-|6+:29:[1, 2, 4, 6, 8, 9, 11, 12, 16, 20, 25, 27, 34, 41, 42, 43, 44, 45, 46, 48, 53, 55, 56, 61, 62, 72, 74, 75, 79]
5- 2- 6+|4+ 1+|3-:10:[1, 4, 9, 11, 34, 41, 42, 43, 61, 62]
6+|5- 2-|4+ 1+ 3-:21:[1, 4, 6, 8, 11, 16, 25, 27, 34, 41, 42, 43, 45, 46, 48, 53, 55, 56, 61, 72, 79]
5- 2- 6+|4+ 1+ 3-:8:[1, 4, 11, 34, 41, 42, 43, 61]
4+ 6+|5- 2-|3-|1+:33:[2, 6, 8, 10, 11, 12, 16, 17, 20, 25, 27, 36, 37, 38, 42, 44, 46, 48, 50, 55, 56, 57, 58, 62, 68, 70, 72, 73, 74, 75, 77, 78, 79]
5- 2-|4+ 3- 6+|1+:19:[6, 8, 10, 11, 16, 25, 27, 37, 38, 42, 46, 48, 50, 55, 56, 72, 73, 77, 79]
6+|5- 1+|2-|4+ 3-:17:[7, 10, 11, 13, 26, 33, 37, 38, 42, 45, 51, 53, 54, 59, 65, 67, 76]
5- 2- 1+|4+ 3- 6+:5:[10, 11, 37, 38, 42]
6+|5-|4+|1+|2- 3-:27:[2, 5, 7, 9, 11, 12, 18, 20, 22, 26, 29, 35, 36, 42, 44, 45, 50, 51, 52, 53, 59, 66, 73, 74, 75, 76, 77]
1+ 6+|5-|2- 3-|4+:15:[2, 5, 7, 11, 12, 18, 20, 22, 29, 42, 44, 52, 74, 75, 76]
6+|4+|5- 2- 3-|1+:18:[2, 5, 9, 11, 12, 18, 20, 22, 36, 42, 44, 45, 50, 53, 73, 74, 75, 77]
1+ 6+|4+|5- 2- 3-:11:[2, 5, 11, 12, 18, 20, 22, 42, 44, 74, 75]
6+|4+ 1+|5- 2- 3-:11:[2, 9, 11, 12, 20, 42, 44, 45, 53, 74, 75]
5- 2-|3-|4+ 1+ 6+:20:[2, 6, 8, 11, 12, 16, 20, 25, 27, 42, 44, 46, 48, 55, 56, 62, 72, 74, 75, 79]
5- 2- 3-|4+ 1+ 6+:8:[2, 11, 12, 20, 42, 44, 74, 75]
1+ 6+|5-|2-|4+ 3-:23:[5, 6, 7, 8, 11, 13, 16, 18, 22, 25, 27, 31, 42, 46, 48, 55, 56, 63, 65, 67, 72, 76, 79]
2- 4+ 3-|1+ 6+|5-:7:[5, 7, 11, 18, 22, 42, 76]
2- 3-|4+|1+|5- 6+:11:[7, 9, 11, 29, 35, 42, 50, 66, 73, 76, 77]
2- 4+ 3-|5- 1+ 6+:4:[7, 11, 42, 76]
1+ 6+|4+ 3-|5- 2-:17:[5, 6, 8, 11, 16, 18, 22, 25, 27, 42, 46, 48, 55, 56, 65, 72, 79]
1+ 6+|4+ 5- 2- 3-:5:[5, 11, 18, 22, 42]
5- 2-|4+ 1+|3- 6+:14:[6, 8, 9, 11, 16, 25, 27, 42, 46, 48, 55, 56, 72, 79]
5- 2-|4+ 1+ 6+ 3-:13:[6, 8, 11, 16, 25, 27, 42, 46, 48, 55, 56, 72, 79]
5- 2- 3- 6+|4+ 1+:3:[9, 11, 42]
5- 1+ 6+ 2- 4+ 3-:2:[11, 42]
6-|5+|4-|1- 3+|2-:49:[0, 1, 3, 4, 6, 8, 11, 13, 14, 15, 16, 17, 19, 23, 24, 25, 27, 30, 33, 34, 35, 36, 39, 40, 41, 42, 43, 45, 46, 48, 49, 52, 53, 54, 55, 56, 57, 58, 60, 61, 66, 67, 68, 69, 70, 71, 72, 78, 79]
6-|5+|4-|2- 3+|1-:53:[0, 1, 3, 4, 6, 8, 10, 13, 14, 15, 16, 17, 19, 21, 23, 24, 25, 27, 28, 30, 31, 32, 33, 34, 37, 38, 39, 40, 41, 43, 46, 47, 48, 49, 54, 55, 56, 57, 58, 60, 61, 62, 63, 64, 65, 67, 68, 69, 70, 71, 72, 78, 79]
6-|5+|4-|1- 2- 3+:41:[0, 1, 3, 4, 6, 8, 13, 14, 15, 16, 17, 19, 23, 24, 25, 27, 30, 33, 34, 39, 40, 41, 43, 46, 48, 49, 54, 55, 56, 57, 58, 60, 61, 67, 68, 69, 70, 71, 72, 78, 79]
5+|4-|2-|1-|6- 3+:33:[0, 3, 6, 8, 9, 10, 11, 13, 15, 16, 25, 26, 27, 30, 37, 38, 42, 46, 48, 50, 51, 52, 55, 56, 59, 60, 64, 67, 69, 72, 73, 77, 79]
5+|4-|6- 2- 3+|1-:23:[0, 3, 6, 8, 10, 13, 15, 16, 25, 27, 30, 37, 38, 46, 48, 55, 56, 60, 64, 67, 69, 72, 79]
6- 1-|3+|2-|5+ 4-:18:[0, 3, 5, 11, 13, 15, 18, 22, 29, 30, 31, 42, 52, 60, 62, 63, 67, 69]
3+|6- 2- 1-|5+ 4-:12:[0, 3, 5, 13, 15, 18, 22, 29, 30, 60, 67, 69]
5+|4-|2- 1-|6- 3+:26:[0, 3, 6, 8, 9, 13, 15, 16, 25, 26, 27, 30, 46, 48, 50, 51, 55, 56, 59, 60, 67, 69, 72, 73, 77, 79]
5+|4-|2-|6- 1- 3+:22:[0, 3, 6, 8, 11, 13, 15, 16, 25, 27, 30, 42, 46, 48, 52, 55, 56, 60, 67, 69, 72, 79]
5+|4-|6- 1- 2- 3+:19:[0, 3, 6, 8, 13, 15, 16, 25, 27, 30, 46, 48, 55, 56, 60, 67, 69, 72, 79]
2-|6- 1- 3+|5+ 4-:11:[0, 3, 11, 13, 15, 30, 42, 52, 60, 67, 69]
6- 3+ 2- 1-|5+ 4-:8:[0, 3, 13, 15, 30, 60, 67, 69]
4-|3+|6- 5+|2- 1-:21:[1, 4, 7, 9, 13, 17, 29, 34, 41, 43, 50, 57, 58, 61, 67, 68, 70, 73, 76, 77, 78]
6- 5+|2- 1-|4- 3+:13:[1, 4, 7, 13, 34, 41, 43, 50, 61, 67, 73, 76, 77]
3+|6-|5+|4- 2-|1-:38:[1, 2, 4, 6, 8, 9, 10, 12, 13, 16, 20, 25, 27, 29, 31, 33, 34, 35, 36, 37, 38, 41, 43, 44, 46, 48, 52, 54, 55, 56, 61, 63, 65, 67, 72, 74, 75, 79]
6-|5+|4- 1-|3+|2-:40:[1, 2, 4, 6, 8, 9, 11, 12, 13, 16, 20, 21, 25, 27, 28, 29, 32, 33, 34, 41, 42, 43, 44, 45, 46, 47, 48, 53, 54, 55, 56, 61, 62, 64, 66, 67, 72, 74, 75, 79]
6-|4- 2- 1-|3+|5+:29:[1, 2, 4, 6, 8, 9, 12, 13, 16, 20, 25, 27, 29, 33, 34, 41, 43, 44, 46, 48, 54, 55, 56, 61, 67, 72, 74, 75, 79]
4- 2- 3+|6-|5+|1-:27:[1, 4, 6, 8, 10, 13, 16, 25, 27, 31, 33, 34, 37, 38, 41, 43, 46, 48, 54, 55, 56, 61, 63, 65, 67, 72, 79]
4- 1-|3+|2-|6- 5+:15:[1, 4, 9, 11, 13, 29, 34, 41, 42, 43, 61, 62, 64, 66, 67]
6-|5+|2-|4- 1- 3+:26:[1, 4, 6, 8, 11, 13, 16, 25, 27, 33, 34, 41, 42, 43, 45, 46, 48, 53, 54, 55, 56, 61, 66, 67, 72, 79]
6- 5+|2-|4- 1- 3+:11:[1, 4, 11, 13, 34, 41, 42, 43, 61, 66, 67]
4- 2- 1-|3+|6- 5+:10:[1, 4, 9, 13, 29, 34, 41, 43, 61, 67]
4- 1- 2- 3+|6-|5+:21:[1, 4, 6, 8, 13, 16, 25, 27, 33, 34, 41, 43, 46, 48, 54, 55, 56, 61, 67, 72, 79]
4- 3+ 2- 1-|6- 5+:8:[1, 4, 13, 34, 41, 43, 61, 67]
5+ 3+|6-|4-|2-|1-:37:[2, 5, 9, 11, 12, 13, 14, 18, 19, 20, 21, 22, 23, 24, 28, 31, 32, 33, 36, 39, 40, 42, 44, 45, 47, 49, 50, 53, 54, 63, 64, 67, 71, 73, 74, 75, 77]
5+ 3+|6- 1-|4-|2-:19:[2, 5, 11, 12, 13, 18, 20, 21, 22, 28, 31, 32, 42, 44, 47, 63, 67, 74, 75]
6- 1-|5+ 4- 3+|2-:9:[5, 11, 13, 18, 22, 31, 42, 63, 67]
5+|4- 1-|2-|6- 3+:17:[6, 8, 9, 11, 13, 16, 25, 27, 42, 46, 48, 55, 56, 64, 67, 72, 79]
6- 4-|5+|3+|2-|1-:52:[2, 6, 8, 10, 11, 12, 13, 14, 16, 17, 19, 20, 21, 23, 24, 25, 26, 27, 28, 29, 32, 35, 36, 37, 38, 39, 40, 42, 44, 46, 47, 48, 49, 50, 51, 55, 56, 57, 58, 59, 62, 67, 68, 70, 71, 72, 73, 74, 75, 77, 78, 79]
5+|6- 4- 3+|2-|1-:24:[6, 8, 10, 11, 13, 16, 25, 26, 27, 37, 38, 42, 46, 48, 50, 51, 55, 56, 59, 67, 72, 73, 77, 79]
5+|3+|2-|6- 4- 1-:27:[2, 6, 8, 11, 12, 13, 16, 20, 21, 25, 27, 28, 29, 32, 42, 44, 46, 47, 48, 55, 56, 62, 67, 72, 74, 75, 79]
5+|6- 4- 1- 3+|2-:15:[6, 8, 11, 13, 16, 25, 27, 42, 46, 48, 55, 56, 67, 72, 79]
5+ 3+|6-|4- 1-|2-:20:[2, 9, 11, 12, 13, 20, 21, 28, 32, 33, 42, 44, 45, 47, 53, 54, 64, 67, 74, 75]
6- 5+ 3+|4- 1-|2-:6:[9, 11, 13, 42, 64, 67]
5+ 1-|6- 4- 3+|2-:10:[10, 11, 13, 26, 37, 38, 42, 51, 59, 67]
5+ 3+|2-|6- 4- 1-:14:[2, 11, 12, 13, 20, 21, 28, 32, 42, 44, 47, 67, 74, 75]
2-|4- 3+|6- 5+ 1-:7:[7, 11, 13, 42, 65, 67, 76]
6- 5+ 4- 1- 3+|2-:4:[11, 13, 42, 67]
5+|3+|6- 4- 2-|1-:25:[2, 6, 8, 10, 12, 13, 16, 20, 25, 27, 29, 35, 36, 37, 38, 44, 46, 48, 55, 56, 67, 72, 74, 75, 79]
5+|4- 2-|1-|6- 3+:18:[6, 8, 9, 10, 13, 16, 25, 27, 37, 38, 46, 48, 52, 55, 56, 67, 72, 79]
5+|6- 4- 2- 3+|1-:16:[6, 8, 10, 13, 16, 25, 27, 37, 38, 46, 48, 55, 56, 67, 72, 79]
6- 2-|5+ 1-|4- 3+:9:[7, 10, 13, 37, 38, 45, 53, 67, 76]
5+ 1-|6- 4- 2- 3+:5:[10, 13, 37, 38, 67]
5+ 3+|6-|4-|2- 1-:25:[2, 5, 9, 12, 13, 14, 18, 19, 20, 22, 23, 24, 33, 39, 40, 44, 49, 50, 54, 67, 71, 73, 74, 75, 77]
5+ 3+|4-|6- 2- 1-:11:[2, 5, 12, 13, 18, 20, 22, 44, 67, 74, 75]
5+ 3+|6-|4- 2- 1-:11:[2, 9, 12, 13, 20, 33, 44, 54, 67, 74, 75]
5+|3+|6- 4- 2- 1-:20:[2, 6, 8, 12, 13, 16, 20, 25, 27, 29, 44, 46, 48, 55, 56, 67, 72, 74, 75, 79]
5+ 3+|6- 4- 2- 1-:8:[2, 12, 13, 20, 44, 67, 74, 75]
6- 5+ 2- 1-|4- 3+:4:[7, 13, 67, 76]
5+ 4- 3+|6- 2- 1-:5:[5, 13, 18, 22, 67]
5+|4- 2- 1-|6- 3+:14:[6, 8, 9, 13, 16, 25, 27, 46, 48, 55, 56, 67, 72, 79]
5+|6- 4- 3+ 2- 1-:13:[6, 8, 13, 16, 25, 27, 46, 48, 55, 56, 67, 72, 79]
6- 5+ 3+|4- 2- 1-:3:[9, 13, 67]
5+ 2- 6- 4- 3+ 1-:2:[13, 67]
4+|3+|2-|1-|5+ 6+:52:[0, 2, 3, 5, 6, 8, 10, 12, 14, 15, 16, 18, 19, 20, 21, 22, 23, 24, 25, 26, 27, 28, 30, 31, 32, 33, 36, 37, 38, 39, 40, 44, 45, 46, 47, 48, 49, 51, 52, 53, 54, 55, 56, 59, 60, 63, 69, 71, 72, 74, 75, 79]
4+|3+|2- 1-|5+ 6+:39:[0, 2, 3, 5, 6, 8, 12, 14, 15, 16, 18, 19, 20, 22, 23, 24, 25, 26, 27, 30, 33, 39, 40, 44, 46, 48, 49, 51, 54, 55, 56, 59, 60, 69, 71, 72, 74, 75, 79]
6+|5+|2- 1-|4+ 3+:28:[0, 2, 3, 9, 12, 14, 15, 17, 19, 20, 23, 24, 29, 30, 39, 40, 44, 49, 57, 58, 60, 68, 69, 70, 71, 74, 75, 78]
5+ 6+|4+ 3+|2- 1-:20:[0, 2, 3, 12, 14, 15, 19, 20, 23, 24, 30, 39, 40, 44, 49, 60, 69, 71, 74, 75]
6+|5+|4+ 1-|3+|2-:40:[0, 3, 5, 7, 10, 14, 15, 17, 18, 19, 22, 23, 24, 26, 30, 31, 35, 36, 37, 38, 39, 40, 49, 50, 51, 52, 57, 58, 59, 60, 63, 65, 68, 69, 70, 71, 73, 76, 77, 78]
4+ 1-|3+|2-|5+ 6+:27:[0, 3, 5, 10, 14, 15, 18, 19, 22, 23, 24, 26, 30, 31, 36, 37, 38, 39, 40, 49, 51, 52, 59, 60, 63, 69, 71]
2- 3+|5+ 6+|1-|4+:36:[0, 3, 6, 8, 10, 14, 15, 16, 19, 21, 23, 24, 25, 27, 28, 30, 31, 32, 33, 37, 38, 39, 40, 46, 47, 48, 49, 54, 55, 56, 60, 63, 69, 71, 72, 79]
2- 3+|5+ 6+|4+ 1-:19:[0, 3, 10, 14, 15, 19, 23, 24, 30, 31, 37, 38, 39, 40, 49, 60, 63, 69, 71]
3+|6+|5+|4+ 2-|1-:42:[0, 3, 5, 7, 11, 14, 15, 17, 18, 19, 21, 22, 23, 24, 26, 28, 30, 32, 39, 40, 42, 45, 47, 49, 50, 51, 53, 57, 58, 59, 60, 62, 64, 66, 68, 69, 70, 71, 73, 76, 77, 78]
6+|5+|3+|2- 4+ 1-:31:[0, 3, 5, 7, 14, 15, 17, 18, 19, 22, 23, 24, 26, 30, 39, 40, 49, 50, 51, 57, 58, 59, 60, 68, 69, 70, 71, 73, 76, 77, 78]
2- 4+ 1-|3+|5+ 6+:20:[0, 3, 5, 14, 15, 18, 19, 22, 23, 24, 26, 30, 39, 40, 49, 51, 59, 60, 69, 71]
1- 2- 3+|4+|5+ 6+:27:[0, 3, 6, 8, 14, 15, 16, 19, 23, 24, 25, 27, 30, 33, 39, 40, 46, 48, 49, 54, 55, 56, 60, 69, 71, 72, 79]
6+|5+|2- 4+|1- 3+:25:[0, 3, 11, 14, 15, 17, 19, 23, 24, 30, 39, 40, 42, 45, 49, 53, 57, 58, 60, 66, 68, 69, 70, 71, 78]
4+ 3+ 2- 1-|5+ 6+:14:[0, 3, 14, 15, 19, 23, 24, 30, 39, 40, 49, 60, 69, 71]
6+ 1-|3+|2-|5+ 4+:24:[1, 4, 9, 10, 14, 19, 23, 24, 26, 34, 36, 37, 38, 39, 40, 41, 43, 49, 51, 59, 61, 64, 66, 71]
6+|2- 3+|1-|5+ 4+:34:[1, 4, 6, 8, 10, 14, 16, 19, 21, 23, 24, 25, 27, 28, 32, 34, 37, 38, 39, 40, 41, 43, 46, 47, 48, 49, 55, 56, 61, 64, 65, 71, 72, 79]
6+ 1-|2- 3+|5+ 4+:18:[1, 4, 10, 14, 19, 23, 24, 34, 37, 38, 39, 40, 41, 43, 49, 61, 64, 71]
2- 6+|4+|3+|5+|1-:40:[1, 4, 9, 11, 14, 17, 19, 21, 23, 24, 26, 28, 31, 32, 33, 34, 39, 40, 41, 42, 43, 47, 49, 50, 51, 52, 54, 57, 58, 59, 61, 62, 63, 65, 68, 70, 71, 73, 77, 78]
2- 6+|4+|1- 3+|5+:25:[1, 4, 11, 14, 17, 19, 23, 24, 33, 34, 39, 40, 41, 42, 43, 49, 52, 54, 57, 58, 61, 68, 70, 71, 78]
3+|2- 6+ 1-|5+ 4+:18:[1, 4, 9, 14, 19, 23, 24, 26, 34, 39, 40, 41, 43, 49, 51, 59, 61, 71]
6+|1- 2- 3+|5+ 4+:25:[1, 4, 6, 8, 14, 16, 19, 23, 24, 25, 27, 34, 39, 40, 41, 43, 46, 48, 49, 55, 56, 61, 71, 72, 79]
3+ 2- 6+ 1-|5+ 4+:14:[1, 4, 14, 19, 23, 24, 34, 39, 40, 41, 43, 49, 61, 71]
5+ 3+|6+|2- 4+|1-:23:[5, 11, 14, 18, 19, 21, 22, 23, 24, 28, 32, 39, 40, 42, 45, 47, 49, 50, 53, 64, 71, 73, 77]
4+ 6+|5+|1- 3+|2-:31:[6, 8, 11, 13, 14, 16, 17, 19, 23, 24, 25, 27, 35, 36, 39, 40, 42, 46, 48, 49, 55, 56, 57, 58, 67, 68, 70, 71, 72, 78, 79]
5+ 3+|2- 6+|4+|1-:22:[9, 11, 14, 19, 21, 23, 24, 28, 31, 32, 33, 39, 40, 42, 47, 49, 50, 54, 63, 71, 73, 77]
6+|5+ 1-|4+|3+|2-:28:[7, 10, 11, 13, 14, 19, 23, 24, 26, 29, 33, 36, 37, 38, 39, 40, 42, 45, 49, 51, 53, 54, 59, 62, 65, 67, 71, 76]
4+ 6+|5+ 1-|3+|2-:21:[10, 11, 13, 14, 19, 23, 24, 26, 29, 36, 37, 38, 39, 40, 42, 49, 51, 59, 62, 67, 71]
5+ 3+|4+ 6+|2-|1-:26:[2, 11, 12, 13, 14, 19, 20, 21, 23, 24, 28, 32, 36, 39, 40, 42, 44, 47, 49, 50, 67, 71, 73, 74, 75, 77]
4+ 6+|2-|5+ 3+ 1-:13:[11, 13, 14, 19, 23, 24, 36, 39, 40, 42, 49, 67, 71]
2- 4+|5+ 1-|3+|6+:18:[7, 11, 14, 19, 23, 24, 26, 39, 40, 42, 45, 49, 51, 53, 59, 62, 71, 76]
4+ 2- 6+|5+ 1- 3+:10:[11, 14, 19, 23, 24, 39, 40, 42, 49, 71]
4+ 6+|5+|2- 3+|1-:35:[6, 8, 10, 13, 14, 16, 17, 19, 21, 23, 24, 25, 27, 28, 32, 37, 38, 39, 40, 46, 47, 48, 49, 55, 56, 57, 58, 62, 67, 68, 70, 71, 72, 78, 79]
5+ 4+ 6+|3+|2-|1-:36:[2, 6, 8, 10, 12, 14, 16, 19, 20, 21, 23, 24, 25, 26, 27, 28, 32, 36, 37, 38, 39, 40, 44, 46, 47, 48, 49, 51, 55, 56, 59, 71, 72, 74, 75, 79]
5+ 4+ 6+|2- 3+|1-:26:[6, 8, 10, 14, 16, 19, 21, 23, 24, 25, 27, 28, 32, 37, 38, 39, 40, 46, 47, 48, 49, 55, 56, 71, 72, 79]
4+ 6+|5+ 1-|2- 3+:14:[10, 13, 14, 19, 23, 24, 37, 38, 39, 40, 49, 62, 67, 71]
6+|3+|2-|5+ 4+ 1-:18:[7, 10, 14, 19, 23, 24, 26, 36, 37, 38, 39, 40, 49, 51, 59, 65, 71, 76]
5+ 4+ 6+ 1-|2- 3+:11:[10, 14, 19, 23, 24, 37, 38, 39, 40, 49, 71]
4+ 6+|5+|3+|2- 1-:40:[2, 6, 8, 12, 13, 14, 16, 17, 19, 20, 23, 24, 25, 26, 27, 29, 39, 40, 44, 46, 48, 49, 50, 51, 55, 56, 57, 58, 59, 67, 68, 70, 71, 72, 73, 74, 75, 77, 78, 79]
5+ 3+|4+ 6+|2- 1-:19:[2, 12, 13, 14, 19, 20, 23, 24, 39, 40, 44, 49, 50, 67, 71, 73, 74, 75, 77]
5+ 6+ 3+|4+|2- 1-:19:[2, 5, 12, 14, 18, 19, 20, 22, 23, 24, 33, 39, 40, 44, 49, 54, 71, 74, 75]
6+|5+ 4+ 3+|2- 1-:15:[2, 9, 12, 14, 19, 20, 23, 24, 39, 40, 44, 49, 71, 74, 75]
5+ 4+ 6+|3+|2- 1-:28:[2, 6, 8, 12, 14, 16, 19, 20, 23, 24, 25, 26, 27, 39, 40, 44, 46, 48, 49, 51, 55, 56, 59, 71, 72, 74, 75, 79]
5+ 4+ 6+ 3+|2- 1-:14:[2, 12, 14, 19, 20, 23, 24, 39, 40, 44, 49, 71, 74, 75]
5+|2- 4+ 1-|6+ 3+:19:[5, 7, 14, 17, 18, 19, 22, 23, 24, 39, 40, 49, 57, 58, 68, 70, 71, 76, 78]
6+|5+ 2- 1-|3+|4+:18:[7, 13, 14, 19, 23, 24, 26, 29, 33, 39, 40, 49, 51, 54, 59, 67, 71, 76]
5+ 4+ 2- 1-|6+ 3+:10:[7, 14, 19, 23, 24, 39, 40, 49, 71, 76]
5+ 6+ 3+|4+ 2- 1-:11:[5, 14, 18, 19, 22, 23, 24, 39, 40, 49, 71]
4+ 6+|1- 2- 3+|5+:27:[6, 8, 13, 14, 16, 17, 19, 23, 24, 25, 27, 39, 40, 46, 48, 49, 55, 56, 57, 58, 67, 68, 70, 71, 72, 78, 79]
3+ 2- 1-|5+ 4+ 6+:19:[6, 8, 14, 16, 19, 23, 24, 25, 27, 39, 40, 46, 48, 49, 55, 56, 71, 72, 79]
5+ 4+ 3+|2- 6+ 1-:9:[9, 14, 19, 23, 24, 39, 40, 49, 71]
4+ 6+|5+ 3+ 2- 1-:10:[13, 14, 19, 23, 24, 39, 40, 49, 67, 71]
6+ 5+ 4+ 2- 3+ 1-:8:[14, 19, 23, 24, 39, 40, 49, 71]
6+|4+ 1-|3+|5- 2-:23:[0, 3, 5, 10, 15, 17, 18, 22, 30, 36, 37, 38, 50, 57, 58, 60, 65, 68, 69, 70, 73, 77, 78]
6+|5-|2- 3+|4+ 1-:26:[0, 3, 10, 14, 15, 17, 19, 23, 24, 30, 31, 37, 38, 39, 40, 49, 57, 58, 60, 63, 65, 68, 69, 70, 71, 78]
5- 3+|6+|4+ 1-|2-:23:[0, 3, 7, 10, 15, 17, 26, 30, 35, 37, 38, 51, 52, 57, 58, 59, 60, 65, 68, 69, 70, 76, 78]
6+|4+ 1-|5- 2- 3+:16:[0, 3, 10, 15, 17, 30, 37, 38, 57, 58, 60, 65, 68, 69, 70, 78]
2- 1- 4+ 3+|6+|5-:20:[0, 3, 14, 15, 17, 19, 23, 24, 30, 39, 40, 49, 57, 58, 60, 68, 69, 70, 71, 78]
6+|3+|2-|1-|5- 4+:32:[0, 3, 5, 11, 13, 15, 17, 18, 22, 29, 30, 31, 33, 35, 42, 45, 50, 52, 53, 54, 57, 58, 60, 62, 63, 67, 68, 69, 70, 73, 77, 78]
6+|3+|1-|4+ 5- 2-:23:[0, 3, 5, 11, 15, 17, 18, 22, 30, 42, 45, 50, 53, 57, 58, 60, 62, 68, 69, 70, 73, 77, 78]
6+|3+|2- 1-|5- 4+:23:[0, 3, 5, 13, 15, 17, 18, 22, 29, 30, 33, 50, 54, 57, 58, 60, 67, 68, 69, 70, 73, 77, 78]
6+|3+|2- 5- 4+ 1-:18:[0, 3, 5, 15, 17, 18, 22, 30, 50, 57, 58, 60, 68, 69, 70, 73, 77, 78]
6+|3+ 1-|2-|5- 4+:22:[0, 3, 11, 13, 15, 17, 30, 33, 35, 42, 45, 52, 53, 54, 57, 58, 60, 67, 68, 69, 70, 78]
6+|1- 2- 3+|5- 4+:16:[0, 3, 13, 15, 17, 30, 33, 54, 57, 58, 60, 67, 68, 69, 70, 78]
6+|1- 3+|2- 5- 4+:16:[0, 3, 11, 15, 17, 30, 42, 45, 53, 57, 58, 60, 68, 69, 70, 78]
5- 3+|6+|2- 4+ 1-:17:[0, 3, 7, 15, 17, 26, 30, 51, 57, 58, 59, 60, 68, 69, 70, 76, 78]
6+|3+ 4+ 5- 2- 1-:12:[0, 3, 15, 17, 30, 57, 58, 60, 68, 69, 70, 78]
5- 6+ 3+|4+|2- 1-:15:[1, 4, 7, 17, 29, 34, 41, 43, 57, 58, 61, 68, 70, 76, 78]
6+ 1-|5-|4+|3+|2-:38:[1, 4, 9, 10, 14, 17, 19, 23, 24, 26, 33, 34, 35, 36, 37, 38, 39, 40, 41, 43, 45, 49, 50, 51, 53, 54, 57, 58, 59, 61, 64, 66, 68, 70, 71, 73, 77, 78]
2- 6+ 1-|5-|4+|3+:29:[1, 4, 9, 14, 17, 19, 23, 24, 26, 33, 34, 39, 40, 41, 43, 49, 50, 51, 54, 57, 58, 59, 61, 68, 70, 71, 73, 77, 78]
6+ 1-|5-|2- 3+|4+:26:[1, 4, 10, 14, 17, 19, 23, 24, 33, 34, 37, 38, 39, 40, 41, 43, 49, 54, 57, 58, 61, 64, 68, 70, 71, 78]
5-|4+|1- 2- 6+ 3+:22:[1, 4, 14, 17, 19, 23, 24, 33, 34, 39, 40, 41, 43, 49, 54, 57, 58, 61, 68, 70, 71, 78]
6+ 1-|4+|3+|5- 2-:22:[1, 4, 9, 10, 17, 34, 36, 37, 38, 41, 43, 45, 50, 53, 57, 58, 61, 68, 70, 73, 77, 78]
6+ 1-|4+|5- 2- 3+:15:[1, 4, 10, 17, 34, 37, 38, 41, 43, 57, 58, 61, 68, 70, 78]
4+|3+ 1-|2-|5- 6+:18:[1, 4, 11, 13, 17, 34, 35, 41, 42, 43, 57, 58, 61, 66, 67, 68, 70, 78]
5- 2- 6+|4+|3+|1-:20:[1, 4, 9, 11, 17, 34, 41, 42, 43, 50, 57, 58, 61, 62, 65, 68, 70, 73, 77, 78]
5- 2- 6+|4+|1- 3+:14:[1, 4, 11, 17, 34, 41, 42, 43, 57, 58, 61, 68, 70, 78]
5- 2- 6+ 1-|4+|3+:16:[1, 4, 9, 17, 34, 41, 43, 50, 57, 58, 61, 68, 70, 73, 77, 78]
1- 2- 3+|4+|5- 6+:14:[1, 4, 13, 17, 34, 41, 43, 57, 58, 61, 67, 68, 70, 78]
3+ 5- 2- 6+ 1-|4+:12:[1, 4, 17, 34, 41, 43, 57, 58, 61, 68, 70, 78]
4+ 6+|5- 2-|1- 3+:20:[6, 8, 11, 16, 17, 25, 27, 36, 42, 46, 48, 55, 56, 57, 58, 68, 70, 72, 78, 79]
5- 4+ 6+|3+ 1-|2-:11:[11, 13, 17, 35, 42, 57, 58, 67, 68, 70, 78]
5-|3+ 1-|2- 4+ 6+:16:[11, 14, 17, 19, 23, 24, 39, 40, 42, 49, 57, 58, 68, 70, 71, 78]
4+ 2-|3+|5- 6+|1-:16:[7, 11, 17, 42, 50, 57, 58, 62, 64, 66, 68, 70, 73, 76, 77, 78]
4+ 5- 2- 6+|1- 3+:8:[11, 17, 42, 57, 58, 68, 70, 78]
4+ 6+|5- 2- 3+|1-:21:[6, 8, 10, 16, 17, 25, 27, 37, 38, 46, 48, 55, 56, 57, 58, 62, 68, 70, 72, 78, 79]
5-|2- 3+|4+ 6+ 1-:17:[10, 14, 17, 19, 23, 24, 37, 38, 39, 40, 49, 57, 58, 68, 70, 71, 78]
5- 2- 3+|4+ 6+ 1-:9:[10, 17, 37, 38, 57, 58, 68, 70, 78]
4+ 6+|5- 2- 1-|3+:26:[2, 6, 8, 12, 16, 17, 20, 25, 27, 44, 46, 48, 50, 55, 56, 57, 58, 68, 70, 72, 73, 74, 75, 77, 78, 79]
5-|4+ 6+ 3+|2- 1-:21:[2, 12, 14, 17, 19, 20, 23, 24, 29, 39, 40, 44, 49, 57, 58, 68, 70, 71, 74, 75, 78]
5- 2- 1-|4+ 6+ 3+:12:[2, 12, 17, 20, 44, 57, 58, 68, 70, 74, 75, 78]
5- 6+ 3+|2- 4+ 1-:8:[7, 17, 57, 58, 68, 70, 76, 78]
4+ 5- 2- 1-|6+ 3+:9:[5, 17, 18, 22, 57, 58, 68, 70, 78]
5-|2- 6+ 1-|4+ 3+:15:[9, 14, 17, 19, 23, 24, 39, 40, 49, 57, 58, 68, 70, 71, 78]
5-|4+ 3+ 2- 6+ 1-:14:[14, 17, 19, 23, 24, 39, 40, 49, 57, 58, 68, 70, 71, 78]
4+ 6+|3+ 5- 2- 1-:17:[6, 8, 16, 17, 25, 27, 46, 48, 55, 56, 57, 58, 68, 70, 72, 78, 79]
5- 2- 6+ 1-|4+ 3+:7:[9, 17, 57, 58, 68, 70, 78]
3+ 2- 1-|5- 4+ 6+:8:[13, 17, 57, 58, 67, 68, 70, 78]
5- 6+ 2- 4+ 3+ 1-:6:[17, 57, 58, 68, 70, 78]
6+|5+ 1+|4+|3+|2-:52:[0, 1, 2, 3, 4, 5, 6, 8, 9, 12, 15, 16, 17, 18, 20, 21, 22, 25, 27, 28, 30, 31, 32, 34, 35, 41, 43, 44, 46, 47, 48, 50, 52, 55, 56, 57, 58, 60, 61, 63, 64, 66, 68, 69, 70, 72, 73, 74, 75, 77, 78, 79]
6+|5+ 1+|4+|2- 3+:36:[0, 1, 3, 4, 6, 8, 15, 16, 17, 21, 25, 27, 28, 30, 31, 32, 34, 41, 43, 46, 47, 48, 55, 56, 57, 58, 60, 61, 63, 64, 68, 69, 70, 72, 78, 79]
4+|3+|2-|5+ 1+ 6+:33:[0, 2, 3, 5, 6, 8, 12, 15, 16, 18, 20, 21, 22, 25, 27, 28, 30, 31, 32, 44, 46, 47, 48, 52, 55, 56, 60, 63, 69, 72, 74, 75, 79]
6+|5+|2-|1+|4+ 3+:37:[0, 2, 3, 9, 12, 14, 15, 17, 19, 20, 21, 23, 24, 28, 29, 30, 32, 35, 36, 39, 40, 44, 47, 49, 52, 57, 58, 60, 62, 64, 68, 69, 70, 71, 74, 75, 78]
6+|5+ 1+|2-|4+ 3+:26:[0, 2, 3, 9, 12, 15, 17, 20, 21, 28, 30, 32, 35, 44, 47, 52, 57, 58, 60, 64, 68, 69, 70, 74, 75, 78]
2-|5+ 6+|1+|4+ 3+:26:[0, 2, 3, 12, 14, 15, 19, 20, 21, 23, 24, 28, 30, 32, 36, 39, 40, 44, 47, 49, 52, 60, 69, 71, 74, 75]
5+ 1+ 6+|4+ 3+|2-:17:[0, 2, 3, 12, 15, 20, 21, 28, 30, 32, 44, 47, 52, 60, 69, 74, 75]
4+ 2-|3+|5+ 6+|1+:26:[0, 3, 5, 14, 15, 18, 19, 21, 22, 23, 24, 26, 28, 30, 32, 39, 40, 45, 47, 49, 51, 53, 59, 60, 69, 71]
4+ 2- 3+|6+|5+|1+:26:[0, 3, 14, 15, 17, 19, 21, 23, 24, 28, 30, 32, 39, 40, 47, 49, 57, 58, 60, 62, 64, 68, 69, 70, 71, 78]
2- 4+ 3+|5+ 6+|1+:18:[0, 3, 14, 15, 19, 21, 23, 24, 28, 30, 32, 39, 40, 47, 49, 60, 69, 71]
3+|6+|5+ 1+|4+ 2-:24:[0, 3, 5, 15, 17, 18, 21, 22, 28, 30, 32, 47, 50, 57, 58, 60, 64, 66, 68, 69, 70, 73, 77, 78]
3+|2- 4+|5+ 1+ 6+:13:[0, 3, 5, 15, 18, 21, 22, 28, 30, 32, 47, 60, 69]
1+ 6+|5+|4+|2- 3+:27:[0, 3, 6, 8, 13, 15, 16, 21, 25, 27, 28, 30, 31, 32, 46, 47, 48, 55, 56, 60, 62, 63, 65, 67, 69, 72, 79]
2- 3+|4+|5+ 1+ 6+:23:[0, 3, 6, 8, 15, 16, 21, 25, 27, 28, 30, 31, 32, 46, 47, 48, 55, 56, 60, 63, 69, 72, 79]
2- 4+ 3+|6+|5+ 1+:17:[0, 3, 15, 17, 21, 28, 30, 32, 47, 57, 58, 60, 64, 68, 69, 70, 78]
4+ 2- 3+|5+ 1+ 6+:10:[0, 3, 15, 21, 28, 30, 32, 47, 60, 69]
5+|4+|2-|1+|6+ 3+:47:[1, 2, 4, 5, 7, 12, 14, 17, 18, 19, 20, 21, 22, 23, 24, 28, 29, 31, 32, 33, 34, 35, 36, 39, 40, 41, 43, 44, 45, 47, 49, 53, 54, 57, 58, 61, 62, 63, 65, 66, 68, 70, 71, 74, 75, 76, 78]
5+ 4+|2-|1+|6+ 3+:29:[1, 2, 4, 7, 12, 14, 19, 20, 21, 23, 24, 28, 32, 34, 36, 39, 40, 41, 43, 44, 47, 49, 61, 65, 66, 71, 74, 75, 76]
6+|3+|5+ 4+ 1+|2-:30:[1, 2, 4, 6, 8, 9, 12, 16, 20, 21, 25, 27, 28, 32, 34, 41, 43, 44, 46, 47, 48, 55, 56, 61, 64, 66, 72, 74, 75, 79]
5+ 1+|4+|2-|6+ 3+:29:[1, 2, 4, 5, 12, 17, 18, 20, 21, 22, 28, 31, 32, 34, 35, 41, 43, 44, 47, 57, 58, 61, 63, 66, 68, 70, 74, 75, 78]
2-|5+ 4+ 1+|6+ 3+:17:[1, 2, 4, 12, 20, 21, 28, 32, 34, 41, 43, 44, 47, 61, 66, 74, 75]
5+|4+|1+|2- 6+ 3+:30:[1, 4, 14, 17, 19, 21, 23, 24, 28, 31, 32, 33, 34, 39, 40, 41, 43, 47, 49, 54, 57, 58, 61, 62, 63, 65, 68, 70, 71, 78]
5+ 1+|4+|3+|2- 6+:23:[1, 4, 9, 17, 21, 28, 31, 32, 34, 41, 43, 47, 50, 52, 57, 58, 61, 63, 68, 70, 73, 77, 78]
5+ 1+|4+|2- 6+ 3+:18:[1, 4, 17, 21, 28, 31, 32, 34, 41, 43, 47, 57, 58, 61, 63, 68, 70, 78]
2- 6+|3+|1+|5+ 4+:23:[1, 4, 9, 14, 19, 21, 23, 24, 26, 28, 32, 34, 39, 40, 41, 43, 47, 49, 51, 59, 61, 65, 71]
1+|2- 6+ 3+|5+ 4+:19:[1, 4, 14, 19, 21, 23, 24, 28, 32, 34, 39, 40, 41, 43, 47, 49, 61, 65, 71]
5+|4+ 1+|3+|2- 6+:16:[1, 4, 9, 11, 21, 28, 32, 33, 34, 41, 42, 43, 47, 54, 61, 62]
2- 6+|3+|5+ 4+ 1+:11:[1, 4, 9, 21, 28, 32, 34, 41, 43, 47, 61]
6+|5+|2- 3+|4+ 1+:27:[1, 4, 6, 8, 13, 16, 21, 25, 27, 28, 32, 33, 34, 41, 43, 46, 47, 48, 54, 55, 56, 61, 62, 64, 67, 72, 79]
6+|2- 3+|5+ 4+ 1+:22:[1, 4, 6, 8, 16, 21, 25, 27, 28, 32, 34, 41, 43, 46, 47, 48, 55, 56, 61, 64, 72, 79]
5+ 4+ 1+|2- 6+ 3+:10:[1, 4, 21, 28, 32, 34, 41, 43, 47, 61]
5+ 3+|1+ 6+|2- 4+:9:[5, 11, 18, 21, 22, 28, 32, 42, 47]
5+ 3+|2- 6+|4+ 1+:9:[9, 11, 21, 28, 32, 33, 42, 47, 54]
5+|3+|2- 4+ 6+|1+:27:[11, 14, 17, 19, 21, 23, 24, 26, 28, 32, 39, 40, 42, 47, 49, 50, 51, 57, 58, 59, 62, 68, 70, 71, 73, 77, 78]
4+ 6+|5+|3+|2- 1+:12:[10, 11, 21, 28, 32, 35, 36, 37, 38, 42, 47, 62]
5+ 3+|2- 4+ 6+|1+:17:[11, 14, 19, 21, 23, 24, 28, 32, 39, 40, 42, 47, 49, 50, 71, 73, 77]
5+ 3+|4+ 2- 1+ 6+:6:[11, 21, 28, 32, 42, 47]
4+|1+ 3+|5+ 6+|2-:21:[2, 5, 10, 12, 18, 20, 21, 22, 26, 28, 31, 32, 37, 38, 44, 47, 51, 59, 63, 74, 75]
5+ 4+ 6+|1+ 3+|2-:16:[2, 10, 12, 20, 21, 26, 28, 32, 37, 38, 44, 47, 51, 59, 74, 75]
2- 1+ 3+|5+ 4+ 6+:7:[10, 21, 28, 32, 37, 38, 47]
5+|4+ 6+ 3+|2-|1+:28:[2, 12, 14, 17, 19, 20, 21, 23, 24, 28, 29, 32, 35, 36, 39, 40, 44, 47, 49, 57, 58, 62, 68, 70, 71, 74, 75, 78]
4+ 6+|5+ 1+|3+|2-:31:[2, 6, 8, 12, 16, 17, 20, 21, 25, 27, 28, 32, 35, 44, 46, 47, 48, 50, 55, 56, 57, 58, 68, 70, 72, 73, 74, 75, 77, 78, 79]
5+ 1+|4+ 6+ 3+|2-:17:[2, 12, 17, 20, 21, 28, 32, 35, 44, 47, 57, 58, 68, 70, 74, 75, 78]
1+ 6+|3+|2-|5+ 4+:24:[2, 6, 7, 8, 12, 16, 20, 21, 25, 27, 28, 32, 44, 46, 47, 48, 55, 56, 65, 72, 74, 75, 76, 79]
5+|4+|1+ 6+ 3+|2-:20:[2, 5, 7, 12, 18, 20, 21, 22, 28, 29, 31, 32, 44, 47, 62, 63, 65, 74, 75, 76]
2-|1+ 6+ 3+|5+ 4+:13:[2, 7, 12, 20, 21, 28, 32, 44, 47, 65, 74, 75, 76]
5+ 6+ 3+|4+|2-|1+:28:[2, 5, 12, 14, 18, 19, 20, 21, 22, 23, 24, 28, 31, 32, 33, 36, 39, 40, 44, 45, 47, 49, 53, 54, 63, 71, 74, 75]
6+|4+|2-|5+ 1+ 3+:20:[2, 5, 9, 12, 18, 20, 21, 22, 28, 31, 32, 44, 47, 50, 63, 64, 73, 74, 75, 77]
5+ 1+ 6+ 3+|4+|2-:15:[2, 5, 12, 18, 20, 21, 22, 28, 31, 32, 44, 47, 63, 74, 75]
6+|5+ 4+ 3+|2-|1+:21:[2, 9, 12, 14, 19, 20, 21, 23, 24, 28, 32, 36, 39, 40, 44, 47, 49, 64, 71, 74, 75]
6+|5+ 4+ 1+ 3+|2-:12:[2, 9, 12, 20, 21, 28, 32, 44, 47, 64, 74, 75]
5+ 4+ 1+ 6+|3+|2-:21:[2, 6, 8, 12, 16, 20, 21, 25, 27, 28, 32, 44, 46, 47, 48, 55, 56, 72, 74, 75, 79]
5+ 4+ 6+ 3+|2-|1+:19:[2, 12, 14, 19, 20, 21, 23, 24, 28, 32, 36, 39, 40, 44, 47, 49, 71, 74, 75]
5+ 4+ 1+ 6+ 3+|2-:10:[2, 12, 20, 21, 28, 32, 44, 47, 74, 75]
5+|2- 4+|1+|6+ 3+:27:[5, 7, 14, 17, 18, 19, 21, 22, 23, 24, 28, 32, 39, 40, 45, 47, 49, 53, 57, 58, 62, 66, 68, 70, 71, 76, 78]
5+|4+ 2-|1+ 6+ 3+:10:[5, 7, 18, 21, 22, 28, 32, 47, 62, 76]
6+|4+|3+|1+|5+ 2-:28:[7, 13, 14, 19, 21, 23, 24, 26, 28, 29, 31, 32, 33, 35, 39, 40, 47, 49, 51, 52, 54, 59, 63, 64, 66, 67, 71, 76]
1+|5+ 2- 4+|6+ 3+:15:[7, 14, 19, 21, 23, 24, 28, 32, 39, 40, 47, 49, 66, 71, 76]
1+ 6+|4+|3+|5+ 2-:12:[7, 13, 21, 28, 29, 31, 32, 47, 52, 63, 67, 76]
1+ 6+ 3+|5+ 2- 4+:6:[7, 21, 28, 32, 47, 76]
5+ 1+|2- 4+|6+ 3+:14:[5, 17, 18, 21, 22, 28, 32, 47, 57, 58, 66, 68, 70, 78]
5+ 6+ 3+|2- 4+|1+:17:[5, 14, 18, 19, 21, 22, 23, 24, 28, 32, 39, 40, 45, 47, 49, 53, 71]
5+ 1+ 6+ 3+|4+ 2-:7:[5, 18, 21, 22, 28, 32, 47]
5+|2- 6+|1+|4+ 3+:21:[9, 14, 17, 19, 21, 23, 24, 28, 32, 39, 40, 47, 49, 52, 57, 58, 62, 68, 70, 71, 78]
2- 6+|5+ 4+ 3+|1+:13:[9, 14, 19, 21, 23, 24, 28, 32, 39, 40, 47, 49, 71]
4+ 6+|5+ 2- 3+|1+:14:[13, 14, 19, 21, 23, 24, 28, 32, 39, 40, 47, 49, 67, 71]
5+|4+ 2- 6+ 3+|1+:19:[14, 17, 19, 21, 23, 24, 28, 32, 39, 40, 47, 49, 57, 58, 62, 68, 70, 71, 78]
5+ 4+ 2- 6+ 3+|1+:12:[14, 19, 21, 23, 24, 28, 32, 39, 40, 47, 49, 71]
5+|2- 3+|4+ 1+ 6+:18:[6, 8, 13, 16, 21, 25, 27, 28, 32, 46, 47, 48, 55, 56, 62, 67, 72, 79]
4+ 6+|5+ 1+|2- 3+:21:[6, 8, 16, 17, 21, 25, 27, 28, 32, 46, 47, 48, 55, 56, 57, 58, 68, 70, 72, 78, 79]
5+ 4+ 1+ 6+|2- 3+:15:[6, 8, 16, 21, 25, 27, 28, 32, 46, 47, 48, 55, 56, 72, 79]
2- 6+|5+ 1+|4+ 3+:12:[9, 17, 21, 28, 32, 47, 52, 57, 58, 68, 70, 78]
2- 6+|5+ 4+ 1+ 3+:5:[9, 21, 28, 32, 47]
5+ 2- 3+|4+ 1+ 6+:6:[13, 21, 28, 32, 47, 67]
5+ 1+|4+ 2- 6+ 3+:10:[17, 21, 28, 32, 47, 57, 58, 68, 70, 78]
1+ 6+ 5+ 2- 4+ 3+:4:[21, 28, 32, 47]
5+ 3- 6+|4+|2-|1-:24:[0, 3, 6, 8, 10, 15, 16, 25, 26, 27, 30, 37, 38, 46, 48, 51, 52, 55, 56, 59, 60, 69, 72, 79]
5+ 3- 6+|4+ 1-|2-:13:[0, 3, 10, 15, 26, 30, 37, 38, 51, 52, 59, 60, 69]
5+ 3- 6+|4+|2- 1-:20:[0, 3, 6, 8, 15, 16, 25, 26, 27, 30, 46, 48, 51, 55, 56, 59, 60, 69, 72, 79]
5+|2- 4+|1-|3- 6+:15:[0, 3, 11, 15, 26, 30, 42, 50, 51, 59, 60, 64, 69, 73, 77]
5+ 3- 6+|4+ 2- 1-:9:[0, 3, 15, 26, 30, 51, 59, 60, 69]
5+ 3-|6+ 1-|4+|2-:20:[1, 4, 10, 17, 26, 34, 35, 37, 38, 41, 43, 51, 57, 58, 59, 61, 66, 68, 70, 78]
5+ 3-|4+|2- 6+ 1-:15:[1, 4, 17, 26, 34, 41, 43, 51, 57, 58, 59, 61, 68, 70, 78]
6+ 1-|5+ 4+ 3-|2-:13:[1, 4, 10, 26, 34, 37, 38, 41, 43, 51, 59, 61, 66]
5+|2- 6+|1-|4+ 3-:19:[1, 4, 11, 26, 31, 33, 34, 41, 42, 43, 50, 51, 54, 59, 61, 63, 65, 73, 77]
5+ 4+ 3-|2- 6+ 1-:9:[1, 4, 26, 34, 41, 43, 51, 59, 61]
2- 4+ 3-|6+|5+|1-:16:[5, 7, 11, 18, 22, 26, 42, 45, 50, 51, 53, 59, 66, 73, 76, 77]
5+|4+|2- 3- 6+|1-:10:[9, 11, 26, 42, 50, 51, 52, 59, 73, 77]
5+ 1-|3-|2- 4+ 6+:14:[11, 14, 19, 23, 24, 26, 39, 40, 42, 49, 51, 59, 62, 71]
4+ 6+|5+|2- 3-|1-:17:[2, 11, 12, 20, 26, 29, 35, 36, 42, 44, 50, 51, 59, 73, 74, 75, 77]
4+ 2- 3-|6+|5+ 1-:9:[7, 11, 26, 42, 45, 51, 53, 59, 76]
5+ 1-|4+ 2- 3- 6+:5:[11, 26, 42, 51, 59]
4+ 6+|5+ 3-|2-|1-:26:[6, 8, 10, 16, 17, 25, 26, 27, 29, 35, 37, 38, 46, 48, 51, 55, 56, 57, 58, 59, 62, 68, 70, 72, 78, 79]
2-|4+ 3-|1-|5+ 6+:26:[5, 6, 8, 10, 16, 18, 22, 25, 26, 27, 31, 33, 37, 38, 45, 46, 48, 51, 53, 54, 55, 56, 59, 63, 72, 79]
5+ 4+|2-|1-|3- 6+:19:[6, 8, 9, 10, 16, 25, 26, 27, 37, 38, 46, 48, 51, 55, 56, 59, 64, 72, 79]
5+ 4+ 3- 6+|2-|1-:17:[6, 8, 10, 16, 25, 26, 27, 37, 38, 46, 48, 51, 55, 56, 59, 72, 79]
5+ 4+|2-|3- 6+ 1-:8:[9, 10, 26, 37, 38, 51, 59, 64]
5+|3-|2-|4+ 6+ 1-:25:[10, 14, 17, 19, 23, 24, 26, 35, 36, 37, 38, 39, 40, 49, 50, 51, 57, 58, 59, 68, 70, 71, 73, 77, 78]
5+ 3-|2-|4+ 6+ 1-:13:[10, 17, 26, 35, 37, 38, 51, 57, 58, 59, 68, 70, 78]
6+|5+|2-|4+ 3- 1-:17:[5, 7, 10, 18, 22, 26, 31, 37, 38, 50, 51, 59, 63, 65, 73, 76, 77]
6+|5+ 4+ 3- 1-|2-:9:[7, 10, 26, 37, 38, 51, 59, 65, 76]
2-|5+ 6+|4+ 3- 1-:11:[5, 10, 18, 22, 26, 31, 37, 38, 51, 59, 63]
5+ 4+ 6+ 1-|3-|2-:15:[10, 14, 19, 23, 24, 26, 36, 37, 38, 39, 40, 49, 51, 59, 71]
5+ 4+ 3- 6+ 1-|2-:6:[10, 26, 37, 38, 51, 59]
2- 3- 1-|4+|5+ 6+:12:[2, 5, 12, 18, 20, 22, 26, 44, 51, 59, 74, 75]
2- 3- 1-|5+ 4+ 6+:9:[2, 12, 20, 26, 44, 51, 59, 74, 75]
6+|3-|5+ 2- 4+|1-:19:[7, 14, 19, 21, 23, 24, 26, 28, 32, 39, 40, 47, 49, 51, 59, 64, 66, 71, 76]
4+ 6+|5+ 2-|3-|1-:19:[13, 14, 19, 21, 23, 24, 26, 28, 29, 32, 35, 39, 40, 47, 49, 51, 59, 67, 71]
5+ 4+ 2- 6+|3-|1-:15:[14, 19, 21, 23, 24, 26, 28, 32, 39, 40, 47, 49, 51, 59, 71]
4+ 2-|5+|3- 1-|6+:17:[5, 7, 18, 21, 22, 26, 28, 32, 47, 50, 51, 59, 62, 64, 73, 76, 77]
3- 1-|2- 4+|5+ 6+:10:[5, 18, 21, 22, 26, 28, 32, 47, 51, 59]
2- 6+|3- 1-|5+ 4+:9:[9, 21, 26, 28, 32, 47, 51, 59, 65]
6+|3- 1-|5+ 2- 4+:10:[7, 21, 26, 28, 32, 47, 51, 59, 64, 76]
5+ 4+ 2- 6+|3- 1-:7:[21, 26, 28, 32, 47, 51, 59]
2- 4+ 3- 1-|6+|5+:11:[5, 7, 18, 22, 26, 50, 51, 59, 73, 76, 77]
6+|3-|5+ 4+ 2- 1-:13:[7, 14, 19, 23, 24, 26, 39, 40, 49, 51, 59, 71, 76]
6+|5+ 2- 1-|4+ 3-:9:[7, 13, 26, 33, 51, 54, 59, 67, 76]
6+|5+ 4+ 3- 2- 1-:5:[7, 26, 51, 59, 76]
5+ 6+|4+ 3-|2- 1-:19:[5, 6, 8, 16, 18, 22, 25, 26, 27, 33, 46, 48, 51, 54, 55, 56, 59, 72, 79]
4+ 2- 3- 1-|5+ 6+:6:[5, 18, 22, 26, 51, 59]
4+ 6+|5+ 2- 1-|3-:14:[13, 14, 19, 23, 24, 26, 29, 39, 40, 49, 51, 59, 67, 71]
5+|3-|4+ 2- 6+ 1-:20:[14, 17, 19, 23, 24, 26, 39, 40, 49, 50, 51, 57, 58, 59, 68, 70, 71, 73, 77, 78]
3-|5+ 4+ 2- 6+ 1-:11:[14, 19, 23, 24, 26, 39, 40, 49, 51, 59, 71]
5+|4+ 3- 6+|2- 1-:19:[6, 8, 13, 16, 25, 26, 27, 46, 48, 50, 51, 55, 56, 59, 67, 72, 73, 77, 79]
5+ 4+|2- 1-|3- 6+:15:[6, 8, 9, 16, 25, 26, 27, 46, 48, 51, 55, 56, 59, 72, 79]
4+ 6+|5+ 3-|2- 1-:21:[6, 8, 16, 17, 25, 26, 27, 29, 46, 48, 51, 55, 56, 57, 58, 59, 68, 70, 72, 78, 79]
5+ 4+ 3- 6+|2- 1-:14:[6, 8, 16, 25, 26, 27, 46, 48, 51, 55, 56, 59, 72, 79]
2- 3- 6+ 1-|5+ 4+:4:[9, 26, 51, 59]
5+ 2- 1-|4+ 3- 6+:5:[13, 26, 51, 59, 67]
5+ 3-|4+ 2- 6+ 1-:9:[17, 26, 51, 57, 58, 59, 68, 70, 78]
3- 6+ 5+ 2- 4+ 1-:3:[26, 51, 59]
6- 1-|5+|4- 3-|2-:19:[0, 2, 3, 12, 15, 20, 21, 28, 29, 30, 32, 44, 47, 52, 60, 62, 69, 74, 75]
5+|6- 2- 1-|4- 3-:13:[0, 2, 3, 12, 15, 20, 29, 30, 44, 60, 69, 74, 75]
6-|5+ 4- 3-|2- 1-:13:[0, 3, 15, 17, 29, 30, 57, 58, 60, 68, 69, 70, 78]
5+ 4- 3-|6- 2- 1-:7:[0, 3, 15, 29, 30, 60, 69]
5+|4- 1-|2-|6- 3-:23:[1, 2, 4, 12, 20, 21, 28, 29, 32, 33, 34, 41, 43, 44, 45, 47, 53, 54, 61, 62, 66, 74, 75]
5+|4- 2- 1-|6- 3-:15:[1, 2, 4, 12, 20, 29, 33, 34, 41, 43, 44, 54, 61, 74, 75]
5+ 3-|6-|4- 2-|1-:24:[1, 4, 6, 8, 10, 16, 25, 27, 29, 34, 35, 37, 38, 41, 43, 46, 48, 52, 55, 56, 61, 65, 72, 79]
5+ 3-|6-|4- 2- 1-:18:[1, 4, 6, 8, 16, 25, 27, 29, 34, 41, 43, 46, 48, 55, 56, 61, 72, 79]
6- 5+ 3-|4- 2- 1-:7:[1, 4, 29, 34, 41, 43, 61]
6- 1-|2- 3-|5+ 4-:7:[5, 11, 18, 22, 29, 42, 52]
6-|5+|4- 1-|2- 3-:13:[2, 9, 11, 12, 20, 29, 42, 44, 45, 53, 66, 74, 75]
2- 3-|6- 5+|4- 1-:5:[9, 11, 29, 42, 66]
4-|3-|2-|6- 5+ 1-:9:[7, 11, 13, 29, 42, 62, 65, 67, 76]
6- 5+ 4-|3-|2-|1-:16:[11, 13, 17, 29, 35, 42, 50, 57, 58, 62, 67, 68, 70, 73, 77, 78]
6- 5+ 4- 1-|3-|2-:6:[11, 13, 29, 42, 62, 67]
6-|5+ 1-|4-|2- 3-:11:[7, 11, 26, 29, 36, 42, 45, 51, 53, 59, 76]
6- 4-|5+ 1-|2- 3-:7:[11, 26, 29, 36, 42, 51, 59]
5+|2- 3-|6- 4- 1-:9:[2, 11, 12, 20, 29, 42, 44, 74, 75]
4-|2- 3-|6- 5+ 1-:5:[7, 11, 29, 42, 76]
6- 5+ 4- 1-|2- 3-:3:[11, 29, 42]
5+ 3-|6- 4- 2-|1-:16:[6, 8, 10, 16, 25, 27, 29, 35, 37, 38, 46, 48, 55, 56, 72, 79]
6-|5+|4- 2-|3- 1-:14:[2, 9, 10, 12, 20, 29, 31, 37, 38, 44, 63, 65, 74, 75]
6- 4-|5+|3- 1-|2-:21:[2, 10, 12, 20, 21, 26, 28, 29, 32, 37, 38, 44, 47, 50, 51, 59, 62, 73, 74, 75, 77]
6- 2-|4-|3-|5+ 1-:11:[7, 10, 13, 29, 36, 37, 38, 45, 53, 67, 76]
5+ 1-|3-|6- 4- 2-:7:[10, 13, 29, 36, 37, 38, 67]
5+|3- 1-|6- 4- 2-:10:[2, 10, 12, 20, 29, 37, 38, 44, 74, 75]
6-|4-|2-|5+ 3- 1-:11:[7, 10, 26, 29, 37, 38, 51, 59, 62, 65, 76]
6- 4-|2-|5+ 3- 1-:8:[10, 26, 29, 37, 38, 51, 59, 62]
6- 2-|4-|5+ 3- 1-:6:[7, 10, 29, 37, 38, 76]
6- 4- 2-|5+ 3- 1-:4:[10, 29, 37, 38]
6-|5+|2-|4- 3- 1-:14:[2, 9, 12, 20, 21, 28, 29, 32, 44, 47, 62, 64, 74, 75]
5+|6- 4- 3- 1-|2-:12:[2, 12, 20, 21, 28, 29, 32, 44, 47, 62, 74, 75]
4- 2- 3- 1-|6-|5+:8:[2, 9, 12, 20, 29, 44, 74, 75]
6- 4-|2- 3- 1-|5+:13:[2, 12, 20, 26, 29, 44, 50, 51, 59, 73, 74, 75, 77]
5+|6- 4- 2- 3- 1-:7:[2, 12, 20, 29, 44, 74, 75]
5+ 2-|4-|1-|6- 3-:21:[7, 14, 19, 21, 23, 24, 28, 29, 31, 32, 33, 35, 39, 40, 47, 49, 54, 63, 66, 71, 76]
5+ 2-|6- 4- 3-|1-:14:[14, 19, 21, 23, 24, 28, 29, 32, 35, 39, 40, 47, 49, 71]
5+ 2-|3-|6- 4- 1-:7:[13, 21, 28, 29, 32, 47, 67]
6-|4-|3- 1-|5+ 2-:13:[7, 21, 26, 28, 29, 31, 32, 47, 51, 59, 63, 64, 76]
6- 4-|5+ 2-|3- 1-:8:[21, 26, 28, 29, 32, 47, 51, 59]
5+ 2-|4-|6- 3- 1-:9:[7, 21, 28, 29, 31, 32, 47, 63, 76]
5+ 2-|6- 4- 3- 1-:5:[21, 28, 29, 32, 47]
5+ 2- 1-|4-|6- 3-:13:[7, 14, 19, 23, 24, 29, 33, 39, 40, 49, 54, 71, 76]
6-|4-|5+ 2- 3- 1-:6:[7, 26, 29, 51, 59, 76]
6- 5+ 2- 1-|4-|3-:5:[7, 13, 29, 67, 76]
2- 3- 1-|4-|6- 5+:7:[7, 9, 29, 50, 73, 76, 77]
6- 5+ 2- 3- 1-|4-:3:[7, 29, 76]
5+ 4-|2- 1-|6- 3-:12:[5, 17, 18, 22, 29, 33, 54, 57, 58, 68, 70, 78]
6- 2- 3- 1-|5+ 4-:4:[5, 18, 22, 29]
5+ 2- 1-|6- 4- 3-:9:[14, 19, 23, 24, 29, 39, 40, 49, 71]
5+ 3-|6- 4- 2- 1-:12:[6, 8, 16, 25, 27, 29, 46, 48, 55, 56, 72, 79]
6- 5+|4- 3-|2- 1-:8:[9, 17, 29, 57, 58, 68, 70, 78]
4- 2- 3- 1-|6- 5+:2:[9, 29]
6- 5+ 4-|3-|2- 1-:12:[13, 17, 29, 50, 57, 58, 67, 68, 70, 73, 77, 78]
3-|6- 5+ 4- 2- 1-:3:[13, 29, 67]
6- 5+ 4- 3-|2- 1-:7:[17, 29, 57, 58, 68, 70, 78]
6- 4-|5+ 2- 3- 1-:4:[26, 29, 51, 59]
3- 5+ 2- 6- 4- 1-:1:[29]
4- 6+|5+|3+|2-|1+:28:[0, 1, 3, 4, 5, 7, 9, 15, 18, 22, 30, 31, 33, 34, 41, 43, 45, 52, 53, 54, 60, 61, 63, 64, 65, 66, 69, 76]
4- 6+|5+ 1+|3+|2-:21:[0, 1, 3, 4, 5, 9, 15, 18, 22, 30, 31, 34, 41, 43, 52, 60, 61, 63, 64, 66, 69]
4- 6+|5+ 1+|2- 3+:15:[0, 1, 3, 4, 15, 30, 31, 34, 41, 43, 60, 61, 63, 64, 69]
6+|3+|5+ 4- 1+|2-:22:[0, 3, 5, 15, 17, 18, 22, 30, 31, 35, 50, 52, 57, 58, 60, 63, 68, 69, 70, 73, 77, 78]
5+|3+|2-|4- 1+ 6+:15:[0, 3, 5, 7, 15, 18, 22, 30, 31, 52, 60, 63, 65, 69, 76]
5+ 4- 1+ 6+|3+|2-:12:[0, 3, 5, 15, 18, 22, 30, 31, 52, 60, 63, 69]
6+|2- 3+|1+|5+ 4-:19:[0, 3, 13, 15, 17, 30, 31, 33, 54, 57, 58, 60, 62, 63, 67, 68, 69, 70, 78]
1+ 6+|2- 3+|5+ 4-:11:[0, 3, 13, 15, 30, 31, 60, 62, 63, 67, 69]
6+|2- 3+|5+ 4- 1+:14:[0, 3, 15, 17, 30, 31, 57, 58, 60, 63, 68, 69, 70, 78]
5+ 4- 1+ 6+|2- 3+:8:[0, 3, 15, 30, 31, 60, 63, 69]
5+|4- 6+ 3+|2-|1+:19:[1, 4, 5, 7, 18, 22, 31, 33, 34, 41, 43, 45, 53, 54, 61, 63, 65, 66, 76]
3+|6+|5+ 1+|4- 2-:28:[1, 2, 4, 6, 8, 9, 12, 16, 20, 25, 27, 31, 34, 35, 41, 43, 44, 46, 48, 52, 55, 56, 61, 63, 72, 74, 75, 79]
5+|4- 2-|1+|6+ 3+:20:[1, 2, 4, 12, 20, 29, 31, 33, 34, 35, 36, 41, 43, 44, 54, 61, 63, 65, 74, 75]
5+ 1+|4- 2-|6+ 3+:15:[1, 2, 4, 12, 20, 31, 34, 35, 41, 43, 44, 61, 63, 74, 75]
6+|5+ 1+|2-|4- 3+:26:[1, 4, 5, 6, 8, 16, 18, 22, 25, 27, 31, 34, 41, 43, 46, 48, 50, 55, 56, 61, 63, 66, 72, 73, 77, 79]
5+ 1+|4- 6+ 3+|2-:12:[1, 4, 5, 18, 22, 31, 34, 41, 43, 61, 63, 66]
5+ 1+|3+|4- 2- 6+:10:[1, 4, 9, 31, 34, 41, 43, 52, 61, 63]
4- 2- 3+|6+|5+ 1+:19:[1, 4, 6, 8, 16, 25, 27, 31, 34, 41, 43, 46, 48, 55, 56, 61, 63, 72, 79]
5+ 1+|4- 2- 6+ 3+:8:[1, 4, 31, 34, 41, 43, 61, 63]
6+|5+|4-|3+|2- 1+:20:[10, 11, 21, 28, 31, 32, 35, 36, 37, 38, 42, 45, 47, 52, 53, 62, 63, 64, 65, 66]
5+ 3+|4-|2- 1+ 6+:8:[11, 21, 28, 31, 32, 42, 47, 63]
2- 6+|3+|1+|5+ 4-:17:[11, 17, 31, 33, 42, 50, 52, 54, 57, 58, 62, 63, 68, 70, 73, 77, 78]
6+|5+|2- 1+|4- 3+:11:[10, 11, 31, 37, 38, 42, 45, 53, 63, 65, 66]
5+ 4- 3+|2- 1+ 6+:4:[11, 31, 42, 63]
4- 2-|3+|5+ 6+|1+:26:[2, 6, 8, 10, 12, 16, 20, 25, 27, 31, 33, 36, 37, 38, 44, 46, 48, 52, 54, 55, 56, 63, 72, 74, 75, 79]
4- 2- 3+|5+ 6+|1+:18:[6, 8, 10, 16, 25, 27, 31, 33, 37, 38, 46, 48, 54, 55, 56, 63, 72, 79]
2- 1+ 3+|4-|5+ 6+:9:[10, 21, 28, 31, 32, 37, 38, 47, 63]
4- 2-|1+ 3+|5+ 6+:11:[2, 10, 12, 20, 31, 37, 38, 44, 63, 74, 75]
4- 2- 1+ 3+|5+ 6+:5:[10, 31, 37, 38, 63]
3+|5+|4- 2-|1+ 6+:24:[2, 6, 8, 12, 13, 16, 20, 25, 27, 29, 31, 44, 46, 48, 52, 55, 56, 63, 65, 67, 72, 74, 75, 79]
5+|4- 2-|1+ 6+ 3+:10:[2, 12, 20, 29, 31, 44, 63, 65, 74, 75]
5+ 3+|6+|4- 2-|1+:14:[2, 9, 12, 13, 20, 31, 33, 36, 44, 54, 63, 67, 74, 75]
5+ 3+|1+ 6+|4- 2-:10:[2, 12, 13, 20, 31, 44, 63, 67, 74, 75]
6+|4- 2-|5+ 1+ 3+:9:[2, 9, 12, 20, 31, 44, 63, 74, 75]
3+|4- 2-|5+ 1+ 6+:20:[2, 6, 8, 12, 16, 20, 25, 27, 31, 44, 46, 48, 52, 55, 56, 63, 72, 74, 75, 79]
5+ 1+ 6+ 3+|4- 2-:8:[2, 12, 20, 31, 44, 63, 74, 75]
5+ 2- 6+|4-|3+|1+:20:[14, 19, 21, 23, 24, 26, 28, 31, 32, 33, 39, 40, 47, 49, 51, 52, 54, 59, 63, 71]
6+|4-|5+ 2- 3+|1+:19:[13, 14, 19, 21, 23, 24, 28, 31, 32, 33, 39, 40, 47, 49, 54, 63, 64, 67, 71]
5+ 2- 6+ 3+|4-|1+:16:[14, 19, 21, 23, 24, 28, 31, 32, 33, 39, 40, 47, 49, 54, 63, 71]
2- 6+|4-|1+ 3+|5+:15:[9, 21, 26, 28, 31, 32, 47, 50, 51, 59, 62, 63, 65, 73, 77]
2- 6+|4-|5+ 1+ 3+:10:[9, 21, 28, 31, 32, 47, 50, 63, 73, 77]
1+ 6+|4-|5+ 2- 3+:8:[13, 21, 28, 31, 32, 47, 63, 67]
5+ 2- 6+|4-|1+ 3+:9:[21, 26, 28, 31, 32, 47, 51, 59, 63]
5+ 2- 1+ 6+ 3+|4-:6:[21, 28, 31, 32, 47, 63]
5+|4- 1+|2-|6+ 3+:24:[5, 7, 14, 17, 18, 19, 22, 23, 24, 31, 35, 36, 39, 40, 49, 57, 58, 63, 65, 68, 70, 71, 76, 78]
4- 6+|5+|1+ 3+|2-:10:[5, 7, 9, 18, 22, 31, 63, 64, 65, 76]
5+|4- 1+ 6+ 3+|2-:8:[5, 7, 18, 22, 31, 63, 65, 76]
6+|4- 1+|3+|5+ 2-:17:[7, 14, 19, 23, 24, 26, 31, 35, 39, 40, 49, 51, 52, 59, 63, 71, 76]
5+ 2-|4- 1+|6+ 3+:13:[7, 14, 19, 23, 24, 31, 35, 39, 40, 49, 63, 71, 76]
6+|4- 3+|1+|5+ 2-:12:[7, 13, 26, 31, 33, 51, 54, 59, 63, 66, 67, 76]
6+|5+ 2-|4- 1+ 3+:7:[7, 26, 31, 51, 59, 63, 76]
5+ 2-|4- 3+|1+ 6+:6:[7, 13, 31, 63, 67, 76]
5+ 2-|4- 1+ 6+ 3+:4:[7, 31, 63, 76]
6+ 3+|2-|1+|5+ 4-:18:[5, 17, 18, 22, 29, 31, 33, 35, 45, 53, 54, 57, 58, 62, 63, 68, 70, 78]
2-|5+ 4- 1+|6+ 3+:12:[5, 17, 18, 22, 31, 35, 57, 58, 63, 68, 70, 78]
2-|1+ 6+ 3+|5+ 4-:7:[5, 18, 22, 29, 31, 62, 63]
5+ 1+ 6+|4- 3+|2-:16:[5, 6, 8, 16, 18, 22, 25, 27, 31, 46, 48, 55, 56, 63, 72, 79]
4- 6+|2-|5+ 1+ 3+:7:[5, 9, 18, 22, 31, 63, 64]
5+ 6+ 3+|4- 1+|2-:14:[5, 14, 18, 19, 22, 23, 24, 31, 36, 39, 40, 49, 63, 71]
5+ 4- 1+ 6+ 3+|2-:5:[5, 18, 22, 31, 63]
5+|4- 1+|3+|2- 6+:24:[14, 17, 19, 23, 24, 26, 31, 39, 40, 49, 50, 51, 52, 57, 58, 59, 63, 65, 68, 70, 71, 73, 77, 78]
5+ 2- 6+|4- 1+|3+:14:[14, 19, 23, 24, 26, 31, 39, 40, 49, 51, 52, 59, 63, 71]
5+|4- 1+|2- 6+ 3+:17:[14, 17, 19, 23, 24, 31, 39, 40, 49, 57, 58, 63, 65, 68, 70, 71, 78]
5+ 2- 6+ 3+|4- 1+:10:[14, 19, 23, 24, 31, 39, 40, 49, 63, 71]
4- 2- 3+|1+ 6+|5+:16:[6, 8, 13, 16, 25, 27, 31, 46, 48, 55, 56, 63, 65, 67, 72, 79]
4- 2- 3+|5+ 1+ 6+:13:[6, 8, 16, 25, 27, 31, 46, 48, 55, 56, 63, 72, 79]
1+ 6+|3+|5+ 4- 2-:6:[13, 29, 31, 52, 63, 67]
1+ 6+ 3+|5+ 4- 2-:3:[29, 31, 63]
4- 2- 6+|5+ 1+ 3+:3:[9, 31, 63]
1+ 6+|5+ 4- 2- 3+:4:[13, 31, 63, 67]
5+ 4- 1+|2- 6+ 3+:8:[17, 31, 57, 58, 63, 68, 70, 78]
5+ 2- 6+|4- 1+ 3+:5:[26, 31, 51, 59, 63]
1+ 6+ 5+ 2- 4- 3+:2:[31, 63]
4- 6+|5+|2- 3+|1-:18:[0, 1, 3, 4, 15, 30, 31, 33, 34, 41, 43, 54, 60, 61, 63, 64, 65, 69]
4- 6+|1- 2- 3+|5+:14:[0, 1, 3, 4, 15, 30, 33, 34, 41, 43, 54, 60, 61, 69]
5+ 4- 6+|3+|2-|1-:16:[0, 3, 5, 15, 18, 22, 30, 31, 33, 45, 52, 53, 54, 60, 63, 69]
5+ 4- 6+|3+|2- 1-:11:[0, 3, 5, 15, 18, 22, 30, 33, 54, 60, 69]
5+ 4- 6+|2- 3+|1-:10:[0, 3, 15, 30, 31, 33, 54, 60, 63, 69]
3+ 2- 1-|5+ 4- 6+:8:[0, 3, 15, 30, 33, 54, 60, 69]
6+ 1-|5+|4- 3+|2-:20:[1, 4, 10, 26, 33, 34, 37, 38, 41, 43, 45, 50, 51, 53, 54, 59, 61, 66, 73, 77]
5+|2- 6+ 1-|4- 3+:14:[1, 4, 26, 33, 34, 41, 43, 50, 51, 54, 59, 61, 73, 77]
3+|6+ 1-|5+|4- 2-:14:[1, 4, 9, 10, 33, 34, 35, 36, 37, 38, 41, 43, 54, 61]
4- 2- 3+|6+ 1-|5+:11:[1, 4, 10, 33, 34, 37, 38, 41, 43, 54, 61]
5+|2- 6+|4- 1- 3+:10:[1, 4, 11, 33, 34, 41, 42, 43, 54, 61]
5+|3+|4- 2- 6+|1-:13:[1, 4, 9, 31, 33, 34, 41, 43, 52, 54, 61, 63, 65]
5+|3+|4- 2- 6+ 1-:9:[1, 4, 9, 33, 34, 41, 43, 54, 61]
5+|4- 1-|2- 6+ 3+:13:[1, 4, 21, 28, 32, 33, 34, 41, 43, 47, 54, 61, 62]
5+|4- 2- 6+ 3+|1-:11:[1, 4, 31, 33, 34, 41, 43, 54, 61, 63, 65]
5+|4- 3+ 2- 6+ 1-:8:[1, 4, 33, 34, 41, 43, 54, 61]
6+|5+ 4- 3+|2-|1-:16:[5, 11, 13, 18, 22, 31, 33, 42, 45, 50, 53, 54, 63, 67, 73, 77]
6+|3+|5+ 4- 1-|2-:10:[11, 13, 29, 33, 42, 45, 53, 54, 62, 67]
6+|4-|2-|5+ 1- 3+:17:[11, 13, 14, 19, 23, 24, 33, 36, 39, 40, 42, 45, 49, 53, 54, 67, 71]
6+|5+ 4- 3+ 1-|2-:8:[11, 13, 33, 42, 45, 53, 54, 67]
2- 6+|3+ 1-|5+ 4-:11:[11, 17, 33, 42, 52, 54, 57, 58, 68, 70, 78]
2- 6+|5+ 4- 3+|1-:9:[11, 31, 33, 42, 50, 54, 63, 73, 77]
5+ 1-|4-|3+|2- 6+:17:[11, 14, 19, 23, 24, 26, 33, 39, 40, 42, 49, 51, 54, 59, 62, 65, 71]
5+ 1-|2- 6+|4- 3+:8:[11, 26, 33, 42, 51, 54, 59, 65]
2- 6+|4-|5+ 3+ 1-:12:[11, 14, 19, 23, 24, 33, 39, 40, 42, 49, 54, 71]
2- 6+|5+ 4- 1- 3+:4:[11, 33, 42, 54]
3+|5+ 1-|4- 2-|6+:10:[10, 13, 29, 33, 36, 37, 38, 54, 65, 67]
6+|5+ 1-|4-|2- 3+:17:[10, 13, 14, 19, 23, 24, 33, 37, 38, 39, 40, 49, 54, 62, 65, 67, 71]
4- 2- 3+|6+|5+ 1-:8:[10, 13, 33, 37, 38, 54, 65, 67]
4-|3+|2-|5+ 6+ 1-:19:[10, 14, 19, 23, 24, 26, 33, 36, 37, 38, 39, 40, 45, 49, 51, 53, 54, 59, 71]
5+ 6+ 1-|2-|4- 3+:10:[10, 26, 33, 37, 38, 45, 51, 53, 54, 59]
4-|2- 3+|5+ 6+ 1-:13:[10, 14, 19, 23, 24, 33, 37, 38, 39, 40, 49, 54, 71]
4- 2- 3+|5+ 6+ 1-:5:[10, 33, 37, 38, 54]
4- 1-|3+|5+ 6+|2-:25:[2, 6, 8, 12, 16, 20, 21, 25, 27, 28, 32, 33, 44, 45, 46, 47, 48, 53, 54, 55, 56, 72, 74, 75, 79]
5+ 6+ 3+|4- 1-|2-:14:[2, 12, 20, 21, 28, 32, 33, 44, 45, 47, 53, 54, 74, 75]
4- 2- 1-|3+|5+ 6+:19:[2, 6, 8, 12, 16, 20, 25, 27, 33, 44, 46, 48, 54, 55, 56, 72, 74, 75, 79]
5+ 6+ 3+|4- 2-|1-:11:[2, 12, 20, 31, 33, 36, 44, 54, 63, 74, 75]
5+ 6+ 3+|4- 2- 1-:8:[2, 12, 20, 33, 44, 54, 74, 75]
5+ 2-|4- 1-|3+|6+:11:[13, 21, 28, 29, 32, 33, 47, 54, 64, 66, 67]
6+|4- 1-|5+ 2- 3+:9:[13, 21, 28, 32, 33, 47, 54, 64, 67]
5+ 2-|4- 1-|6+ 3+:8:[21, 28, 29, 32, 33, 47, 54, 66]
4- 1-|5+ 6+|2- 3+:17:[6, 8, 16, 21, 25, 27, 28, 32, 33, 46, 47, 48, 54, 55, 56, 72, 79]
5+ 2- 6+ 3+|4- 1-:6:[21, 28, 32, 33, 47, 54]
5+ 2-|4- 6+ 3+|1-:7:[7, 31, 33, 54, 63, 66, 76]
5+ 2- 1-|4- 6+ 3+:4:[7, 33, 54, 76]
4- 6+|5+ 3+|2-|1-:11:[5, 9, 18, 22, 31, 33, 45, 53, 54, 63, 64]
5+ 4- 6+ 3+|2-|1-:9:[5, 18, 22, 31, 33, 45, 53, 54, 63]
6+|5+ 4- 3+|2- 1-:10:[5, 13, 18, 22, 33, 50, 54, 67, 73, 77]
4- 6+|5+ 3+|2- 1-:6:[5, 9, 18, 22, 33, 54]
5+ 4- 6+ 3+|2- 1-:5:[5, 18, 22, 33, 54]
5+ 3+|4-|2- 6+ 1-:14:[9, 14, 19, 23, 24, 33, 39, 40, 49, 50, 54, 71, 73, 77]
6+|4-|5+ 1- 2- 3+:12:[13, 14, 19, 23, 24, 33, 39, 40, 49, 54, 67, 71]
5+ 2- 6+ 1-|4-|3+:13:[14, 19, 23, 24, 26, 33, 39, 40, 49, 51, 54, 59, 71]
5+ 3+ 2- 6+ 1-|4-:10:[14, 19, 23, 24, 33, 39, 40, 49, 54, 71]
1-|2- 6+ 3+|5+ 4-:11:[17, 31, 33, 54, 57, 58, 62, 63, 68, 70, 78]
5+ 2- 6+|4- 3+|1-:7:[26, 31, 33, 51, 54, 59, 63]
6+|3+|1-|5+ 4- 2-:9:[13, 29, 31, 33, 35, 52, 54, 63, 67]
1-|5+ 4- 2-|6+ 3+:6:[29, 31, 33, 35, 54, 63]
5+ 3+|4- 2- 6+|1-:5:[9, 31, 33, 54, 63]
6+|5+ 4- 2- 3+|1-:6:[13, 31, 33, 54, 63, 67]
5+ 4- 2- 6+ 3+|1-:4:[31, 33, 54, 63]
4- 3+ 2- 1-|5+ 6+:13:[6, 8, 16, 25, 27, 33, 46, 48, 54, 55, 56, 72, 79]
6+|3+|5+ 4- 2- 1-:5:[13, 29, 33, 54, 67]
5+ 4- 2- 1-|6+ 3+:3:[29, 33, 54]
5+ 3+|4- 2- 6+ 1-:3:[9, 33, 54]
6+|5+ 4- 3+ 2- 1-:4:[13, 33, 54, 67]
3+ 2- 6+ 1-|5+ 4-:8:[17, 33, 54, 57, 58, 68, 70, 78]
5+ 2- 6+ 1-|4- 3+:5:[26, 33, 51, 54, 59]
6+ 5+ 2- 4- 3+ 1-:2:[33, 54]
6+|4+|2+|5- 1- 3+:32:[0, 1, 3, 4, 6, 8, 15, 16, 17, 25, 27, 30, 34, 35, 41, 43, 46, 48, 52, 55, 56, 57, 58, 60, 61, 66, 68, 69, 70, 72, 78, 79]
5-|2+ 6+|1-|4+ 3+:16:[0, 2, 3, 12, 15, 20, 29, 30, 35, 36, 44, 60, 64, 69, 74, 75]
6+|5- 4+ 3+|2+|1-:16:[0, 3, 15, 17, 29, 30, 35, 52, 57, 58, 60, 62, 68, 69, 70, 78]
2+ 6+|3+|1-|5- 4+:15:[0, 3, 5, 13, 15, 18, 22, 29, 30, 35, 45, 53, 60, 67, 69]
2+ 6+|5- 4+ 3+|1-:8:[0, 3, 15, 29, 30, 35, 60, 69]
2+ 6+|4+|3+|5- 1-:29:[0, 2, 3, 5, 6, 8, 12, 15, 16, 18, 20, 22, 25, 27, 30, 35, 44, 46, 48, 55, 56, 60, 64, 66, 69, 72, 74, 75, 79]
2+ 6+|5- 1-|4+ 3+:14:[0, 2, 3, 12, 15, 20, 30, 35, 44, 60, 64, 69, 74, 75]
6+|5-|2+|1- 4+ 3+:23:[0, 3, 14, 15, 17, 19, 23, 24, 30, 35, 36, 39, 40, 49, 52, 57, 58, 60, 68, 69, 70, 71, 78]
2+ 6+|3+|5- 4+ 1-:10:[0, 3, 5, 15, 18, 22, 30, 35, 60, 69]
5-|4+|3+ 1-|2+ 6+:24:[0, 3, 6, 8, 13, 15, 16, 25, 27, 30, 35, 36, 45, 46, 48, 53, 55, 56, 60, 66, 67, 69, 72, 79]
2+ 6+|4+|5- 1- 3+:19:[0, 3, 6, 8, 15, 16, 25, 27, 30, 35, 46, 48, 55, 56, 60, 66, 69, 72, 79]
2+ 6+|1- 3+|5- 4+:11:[0, 3, 13, 15, 30, 35, 45, 53, 60, 67, 69]
6+|5- 4+ 1- 3+|2+:14:[0, 3, 15, 17, 30, 35, 52, 57, 58, 60, 68, 69, 70, 78]
2+ 6+|3+ 5- 4+ 1-:7:[0, 3, 15, 30, 35, 60, 69]
5- 6+ 3+|4+|2+|1-:19:[1, 4, 7, 17, 29, 34, 35, 41, 43, 57, 58, 61, 62, 65, 66, 68, 70, 76, 78]
2+ 4+|3+|5- 6+|1-:12:[1, 4, 9, 13, 29, 34, 35, 41, 43, 61, 65, 67]
5- 6+ 3+|2+ 4+|1-:9:[1, 4, 29, 34, 35, 41, 43, 61, 65]
5-|4+|3+ 6+ 1-|2+:27:[1, 4, 14, 17, 19, 23, 24, 33, 34, 35, 36, 39, 40, 41, 43, 45, 49, 53, 54, 57, 58, 61, 66, 68, 70, 71, 78]
4+|3+|2+|5- 6+ 1-:19:[1, 4, 9, 17, 34, 35, 41, 43, 50, 57, 58, 61, 64, 66, 68, 70, 73, 77, 78]
5- 1- 6+ 3+|4+|2+:14:[1, 4, 17, 34, 35, 41, 43, 57, 58, 61, 66, 68, 70, 78]
5- 3+|6+ 1-|2+ 4+:10:[1, 4, 10, 34, 35, 37, 38, 41, 43, 61]
3+|2+ 4+|5- 6+ 1-:8:[1, 4, 9, 34, 35, 41, 43, 61]
2+ 4+|5-|3+ 1-|6+:24:[1, 4, 6, 8, 13, 16, 25, 27, 33, 34, 35, 36, 41, 43, 46, 48, 52, 54, 55, 56, 61, 67, 72, 79]
6+|2+ 4+|5- 1- 3+:19:[1, 4, 6, 8, 16, 25, 27, 34, 35, 41, 43, 46, 48, 52, 55, 56, 61, 72, 79]
5-|2+ 4+|1- 6+ 3+:10:[1, 4, 33, 34, 35, 36, 41, 43, 54, 61]
1- 3+|2+ 4+|5- 6+:9:[1, 4, 13, 34, 35, 41, 43, 61, 67]
3+ 5- 6+ 1-|2+ 4+:7:[1, 4, 34, 35, 41, 43, 61]
6+|2+ 3+|1-|5- 4+:13:[5, 11, 18, 22, 29, 35, 42, 45, 50, 52, 53, 73, 77]
5- 4+ 6+|2+ 3+|1-:7:[11, 29, 35, 42, 50, 73, 77]
6+|3+|2+ 1-|5- 4+:9:[11, 31, 35, 42, 45, 52, 53, 62, 63]
2+ 1- 3+|5- 4+ 6+:3:[11, 35, 42]
6+|2+ 4+ 1-|3+|5-:9:[10, 31, 35, 36, 37, 38, 52, 63, 65]
5- 3+|2+ 4+ 6+ 1-:4:[10, 35, 37, 38]
2+ 4+ 3+|6+|5-|1-:11:[2, 9, 12, 20, 29, 35, 36, 44, 52, 74, 75]
5-|4+|2+ 6+ 3+|1-:17:[2, 5, 7, 12, 18, 20, 22, 29, 35, 36, 44, 45, 53, 66, 74, 75, 76]
5-|2+ 4+ 6+ 3+|1-:9:[2, 12, 20, 29, 35, 36, 44, 74, 75]
6+|5- 1-|4+|2+ 3+:16:[2, 5, 9, 12, 18, 20, 22, 35, 44, 50, 52, 66, 73, 74, 75, 77]
5- 1-|4+|2+ 6+ 3+:11:[2, 5, 12, 18, 20, 22, 35, 44, 66, 74, 75]
2+ 4+ 3+|6+|5- 1-:9:[2, 9, 12, 20, 35, 44, 52, 74, 75]
5- 1-|3+|2+ 4+ 6+:18:[2, 6, 8, 12, 16, 20, 25, 27, 35, 44, 46, 48, 55, 56, 72, 74, 75, 79]
5- 1-|2+ 4+ 6+ 3+:7:[2, 12, 20, 35, 44, 74, 75]
6+|4+|3+ 1-|2+ 5-:15:[13, 14, 19, 23, 24, 33, 35, 39, 40, 49, 52, 54, 66, 67, 71]
6+|1- 3+|2+ 5- 4+:6:[13, 33, 35, 52, 54, 67]
2+|1- 6+ 3+|5- 4+:11:[17, 33, 35, 45, 53, 54, 57, 58, 68, 70, 78]
6+ 1-|4+|3+|2+ 5-:16:[14, 19, 23, 24, 26, 33, 35, 39, 40, 49, 51, 54, 59, 64, 66, 71]
2+ 5-|4+|1- 6+ 3+:12:[14, 19, 23, 24, 33, 35, 39, 40, 49, 54, 66, 71]
3+ 6+ 1-|2+ 5- 4+:3:[33, 35, 54]
2+ 5- 1-|4+|6+ 3+:8:[21, 28, 31, 32, 35, 47, 63, 66]
2+ 5- 1-|4+ 6+ 3+:5:[21, 28, 32, 35, 47]
6+|5-|4+ 1-|2+ 3+:14:[5, 7, 18, 22, 26, 35, 36, 50, 51, 52, 59, 73, 76, 77]
5-|4+ 1-|2+ 6+ 3+:7:[5, 7, 18, 22, 35, 36, 76]
6+|4+|2+ 5- 3+|1-:9:[7, 26, 29, 35, 51, 52, 59, 66, 76]
2+ 5- 6+|4+|3+|1-:8:[7, 13, 29, 35, 64, 66, 67, 76]
2+ 5- 6+ 3+|4+|1-:5:[7, 29, 35, 66, 76]
6+|4+ 1-|2+ 5- 3+:7:[7, 26, 35, 51, 52, 59, 76]
5- 6+ 3+|4+ 1-|2+:10:[7, 17, 35, 57, 58, 65, 68, 70, 76, 78]
2+ 5- 6+ 3+|4+ 1-:3:[7, 35, 76]
1-|2+ 6+ 3+|5- 4+:7:[5, 18, 22, 29, 35, 45, 53]
5- 4+ 1-|2+ 6+ 3+:4:[5, 18, 22, 35]
6+ 1-|5-|4+ 3+|2+:18:[9, 14, 17, 19, 23, 24, 35, 36, 39, 40, 49, 57, 58, 64, 68, 70, 71, 78]
4+ 6+|2+ 5-|1- 3+:11:[13, 14, 19, 23, 24, 35, 39, 40, 49, 67, 71]
2+ 5-|3+|4+ 6+ 1-:12:[14, 19, 23, 24, 26, 35, 39, 40, 49, 51, 59, 71]
5-|1- 4+ 6+ 3+|2+:16:[14, 17, 19, 23, 24, 35, 36, 39, 40, 49, 57, 58, 68, 70, 71, 78]
2+ 5-|3+ 4+ 6+ 1-:9:[14, 19, 23, 24, 35, 39, 40, 49, 71]
2+ 5- 4+ 1-|6+ 3+:3:[31, 35, 63]
5-|1- 3+|2+ 4+ 6+:15:[6, 8, 13, 16, 25, 27, 35, 36, 46, 48, 55, 56, 67, 72, 79]
4+ 6+|2+|5- 1- 3+:18:[6, 8, 16, 17, 25, 27, 35, 46, 48, 55, 56, 57, 58, 68, 70, 72, 78, 79]
2+ 4+ 6+|3+ 5- 1-:12:[6, 8, 16, 25, 27, 35, 46, 48, 55, 56, 72, 79]
2+|5- 6+|1-|4+ 3+:11:[9, 17, 29, 35, 57, 58, 62, 64, 68, 70, 78]
2+ 4+ 3+|5- 6+|1-:3:[9, 29, 35]
2+ 5- 4+ 6+|3+|1-:4:[13, 29, 35, 67]
5- 4+ 6+ 3+|2+|1-:9:[17, 29, 35, 57, 58, 62, 68, 70, 78]
4+ 6+|2+ 5- 3+|1-:5:[26, 29, 35, 51, 59]
2+ 5- 4+ 6+ 3+|1-:2:[29, 35]
5- 6+ 1-|4+ 3+|2+:9:[9, 17, 35, 57, 58, 64, 68, 70, 78]
6+ 1-|5-|2+ 3+|4+:12:[9, 26, 35, 36, 45, 50, 51, 53, 59, 66, 73, 77]
2+ 4+ 3+|5- 6+ 1-:2:[9, 35]
2+ 5- 4+ 6+|3+ 1-:3:[13, 35, 67]
3+ 5- 4+ 6+ 1-|2+:7:[17, 35, 57, 58, 68, 70, 78]
2+ 5- 3+|4+ 6+ 1-:4:[26, 35, 51, 59]
5- 6+ 4+ 2+ 3+ 1-:1:[35]
6-|4- 3-|1+|5- 2-:21:[0, 2, 3, 9, 12, 15, 17, 20, 30, 36, 44, 57, 58, 60, 62, 68, 69, 70, 74, 75, 78]
6- 5- 2-|4- 3-|1+:13:[0, 2, 3, 12, 15, 20, 30, 36, 44, 60, 69, 74, 75]
4-|1+ 3-|2-|6- 5-:31:[0, 3, 6, 8, 14, 15, 16, 19, 23, 24, 25, 27, 30, 33, 36, 39, 40, 45, 46, 48, 49, 52, 53, 54, 55, 56, 60, 69, 71, 72, 79]
4- 1+ 3-|6- 5-|2-:16:[0, 3, 14, 15, 19, 23, 24, 30, 36, 39, 40, 49, 52, 60, 69, 71]
6- 5- 2-|4-|1+ 3-:20:[0, 3, 6, 8, 15, 16, 25, 27, 30, 36, 45, 46, 48, 53, 55, 56, 60, 69, 72, 79]
6- 2-|5-|4- 1+ 3-:8:[0, 3, 15, 30, 35, 36, 60, 69]
6-|5- 2-|4- 1+ 3-:13:[0, 3, 15, 17, 30, 36, 57, 58, 60, 68, 69, 70, 78]
6- 5- 2-|4- 1+ 3-:7:[0, 3, 15, 30, 36, 60, 69]
5- 2-|4-|1+|6- 3-:26:[1, 2, 4, 5, 12, 17, 18, 20, 22, 34, 36, 41, 43, 44, 45, 53, 57, 58, 61, 62, 65, 68, 70, 74, 75, 78]
1+|4- 5- 2-|6- 3-:14:[1, 2, 4, 12, 20, 34, 36, 41, 43, 44, 61, 65, 74, 75]
5- 2-|4-|6- 1+ 3-:15:[1, 4, 17, 34, 36, 41, 43, 45, 53, 57, 58, 61, 68, 70, 78]
6-|1+ 3-|2-|4- 5-:27:[1, 4, 6, 8, 14, 16, 19, 23, 24, 25, 27, 34, 36, 39, 40, 41, 43, 46, 48, 49, 55, 56, 61, 66, 71, 72, 79]
2-|6- 1+ 3-|4- 5-:16:[1, 4, 14, 19, 23, 24, 34, 36, 39, 40, 41, 43, 49, 61, 66, 71]
6-|1+ 3-|4- 5- 2-:18:[1, 4, 6, 8, 16, 25, 27, 34, 36, 41, 43, 46, 48, 55, 56, 61, 72, 79]
6- 1+ 3-|4- 5- 2-:7:[1, 4, 34, 36, 41, 43, 61]
5- 3-|6-|4-|2- 1+:12:[11, 21, 28, 31, 32, 36, 42, 45, 47, 53, 63, 64]
5- 3-|6- 4-|2- 1+:7:[11, 21, 28, 32, 36, 42, 47]
6- 4-|2- 1+ 3-|5-:4:[11, 35, 36, 42]
6- 4-|5- 2- 1+|3-:7:[10, 11, 36, 37, 38, 42, 62]
6- 4-|5- 2- 3-|1+:12:[2, 11, 12, 20, 36, 42, 44, 50, 73, 74, 75, 77]
6- 4-|5- 2- 1+ 3-:3:[11, 36, 42]
3-|4- 2-|6- 5- 1+:6:[10, 33, 36, 37, 38, 54]
4-|3-|2- 1+|6- 5-:13:[10, 21, 28, 31, 32, 36, 37, 38, 45, 47, 52, 53, 63]
6- 4- 5-|3-|2- 1+:8:[10, 21, 28, 32, 36, 37, 38, 47]
5-|3-|6- 4- 2- 1+:5:[10, 35, 36, 37, 38]
5- 2-|3-|6- 4- 1+:13:[10, 17, 36, 37, 38, 50, 57, 58, 68, 70, 73, 77, 78]
4- 2- 1+|3-|6- 5-:7:[10, 31, 36, 37, 38, 52, 63]
6- 2-|3-|4- 5- 1+:6:[7, 10, 36, 37, 38, 76]
3-|6- 4- 5- 2- 1+:4:[10, 36, 37, 38]
5- 3-|6- 2-|4-|1+:15:[2, 5, 12, 13, 18, 20, 22, 36, 44, 45, 53, 64, 67, 74, 75]
5- 3-|6- 4- 2-|1+:9:[2, 12, 13, 20, 36, 44, 67, 74, 75]
5- 2-|6- 4- 3-|1+:14:[2, 12, 17, 20, 36, 44, 57, 58, 62, 68, 70, 74, 75, 78]
6-|2- 3-|1+|4- 5-:14:[2, 7, 9, 12, 20, 26, 36, 44, 51, 59, 66, 74, 75, 76]
6- 2- 3-|1+|4- 5-:10:[2, 7, 12, 20, 36, 44, 66, 74, 75, 76]
2- 3-|4-|1+|6- 5-:16:[2, 5, 12, 18, 20, 22, 26, 36, 44, 45, 51, 52, 53, 59, 74, 75]
6- 5- 2- 3-|4-|1+:12:[2, 5, 12, 18, 20, 22, 36, 44, 45, 53, 74, 75]
6-|4- 5- 2- 3-|1+:8:[2, 9, 12, 20, 36, 44, 74, 75]
6- 4- 5-|2- 3-|1+:10:[2, 12, 20, 26, 36, 44, 51, 59, 74, 75]
6- 4- 5- 2- 3-|1+:7:[2, 12, 20, 36, 44, 74, 75]
1+ 3-|4- 2-|6- 5-:15:[6, 8, 16, 25, 27, 33, 36, 46, 48, 52, 54, 55, 56, 72, 79]
5- 1+|4-|2-|6- 3-:18:[7, 14, 19, 23, 24, 29, 33, 36, 39, 40, 45, 49, 53, 54, 62, 65, 71, 76]
5- 1+|4- 2-|6- 3-:5:[29, 33, 36, 54, 65]
6-|4- 2-|5- 1+ 3-:5:[13, 33, 36, 54, 67]
5- 3-|6- 1+|4-|2-:18:[9, 14, 19, 23, 24, 33, 36, 39, 40, 45, 49, 50, 53, 54, 64, 71, 73, 77]
5- 3-|6- 1+|4- 2-:4:[9, 33, 36, 54]
6- 5- 1+ 3-|4-|2-:13:[14, 19, 23, 24, 33, 36, 39, 40, 45, 49, 53, 54, 71]
6- 5- 1+ 3-|4- 2-:3:[33, 36, 54]
5-|4-|2- 1+|6- 3-:13:[21, 28, 31, 32, 35, 36, 45, 47, 53, 62, 63, 65, 66]
5-|6- 4- 3-|2- 1+:7:[21, 28, 32, 35, 36, 47, 62]
6- 5- 3-|4-|2- 1+:9:[21, 28, 31, 32, 36, 45, 47, 53, 63]
6- 4- 5- 3-|2- 1+:5:[21, 28, 32, 36, 47]
2-|4- 5- 1+|6- 3-:12:[7, 14, 19, 23, 24, 36, 39, 40, 49, 65, 71, 76]
5- 1+|4-|6- 2- 3-:6:[7, 29, 36, 45, 53, 76]
6-|2- 3-|4- 5- 1+:6:[7, 26, 36, 51, 59, 76]
4- 5- 1+|6- 2- 3-:3:[7, 36, 76]
5- 2-|4- 1+|6- 3-:11:[5, 17, 18, 22, 36, 57, 58, 65, 68, 70, 78]
2- 3-|4- 1+|6- 5-:8:[5, 18, 22, 26, 36, 51, 52, 59]
6- 5- 2- 3-|4- 1+:4:[5, 18, 22, 36]
5- 1+|6- 4- 3-|2-:11:[14, 19, 23, 24, 29, 36, 39, 40, 49, 62, 71]
6- 4- 5-|3- 1+|2-:20:[6, 8, 14, 16, 19, 23, 24, 25, 27, 36, 39, 40, 46, 48, 49, 55, 56, 71, 72, 79]
6- 1+|4- 5- 3-|2-:11:[9, 14, 19, 23, 24, 36, 39, 40, 49, 64, 71]
6- 4- 5- 1+ 3-|2-:9:[14, 19, 23, 24, 36, 39, 40, 49, 71]
5-|4- 2- 1+|6- 3-:5:[31, 35, 36, 63, 65]
6- 5- 3-|4- 2- 1+:3:[31, 36, 63]
6- 4- 5- 2-|1+ 3-:12:[6, 8, 16, 25, 27, 36, 46, 48, 55, 56, 72, 79]
5- 1+|6- 4- 2- 3-:2:[29, 36]
4- 2- 3-|6- 1+|5-:3:[9, 35, 36]
5-|2- 3-|6- 4- 1+:8:[26, 35, 36, 50, 51, 59, 73, 77]
5-|6- 4- 2- 1+ 3-:2:[35, 36]
6- 1+|4- 3-|5- 2-:8:[9, 17, 36, 57, 58, 68, 70, 78]
6- 1+|2- 3-|4- 5-:6:[9, 26, 36, 51, 59, 66]
6- 1+|4- 5- 2- 3-:2:[9, 36]
6- 4- 2-|5- 1+ 3-:3:[13, 36, 67]
5- 2-|6- 4- 1+ 3-:7:[17, 36, 57, 58, 68, 70, 78]
6- 4- 5- 1+|2- 3-:4:[26, 36, 51, 59]
5- 1+ 2- 6- 4- 3-:1:[36]
4- 6+|5+|3+ 1-|2+:18:[0, 1, 3, 4, 15, 30, 33, 34, 41, 43, 45, 52, 53, 54, 60, 61, 66, 69]
4- 6+|5+ 2+|3+|1-:19:[0, 1, 3, 4, 5, 9, 15, 18, 22, 30, 34, 41, 43, 45, 53, 60, 61, 65, 69]
4- 6+|5+ 2+|1- 3+:14:[0, 1, 3, 4, 15, 30, 34, 41, 43, 45, 53, 60, 61, 69]
2+ 4-|1- 3+|5+ 6+:16:[0, 3, 14, 15, 19, 23, 24, 30, 39, 40, 45, 49, 53, 60, 69, 71]
5+|3+|2+ 4- 6+|1-:15:[0, 3, 5, 7, 15, 18, 22, 30, 45, 53, 60, 64, 66, 69, 76]
5+ 2+ 4- 6+|3+|1-:11:[0, 3, 5, 15, 18, 22, 30, 45, 53, 60, 69]
5+ 4- 6+|1- 3+|2+:11:[0, 3, 15, 30, 33, 45, 52, 53, 54, 60, 69]
5+ 2+ 4- 6+|3+ 1-:8:[0, 3, 15, 30, 45, 53, 60, 69]
5+ 2+|4- 1-|6+ 3+:15:[1, 2, 4, 12, 20, 34, 41, 43, 44, 45, 53, 61, 62, 74, 75]
5+ 2+|4- 6+ 3+|1-:12:[1, 4, 5, 18, 22, 34, 41, 43, 45, 53, 61, 65]
6+ 1-|4- 3+|5+ 2+:14:[1, 4, 10, 34, 37, 38, 41, 43, 45, 50, 53, 61, 73, 77]
5+|3+|2+|4- 6+ 1-:13:[1, 4, 9, 33, 34, 41, 43, 45, 53, 54, 61, 64, 66]
5+ 2+|3+|4- 6+ 1-:9:[1, 4, 9, 34, 41, 43, 45, 53, 61]
5+|4- 1- 6+ 3+|2+:11:[1, 4, 33, 34, 41, 43, 45, 53, 54, 61, 66]
5+ 2+|4- 3+ 6+ 1-:8:[1, 4, 34, 41, 43, 45, 53, 61]
6+|5+ 4- 2+ 3+|1-:10:[5, 11, 18, 22, 42, 45, 50, 53, 73, 77]
5+ 3+|6+|4- 2+ 1-:9:[11, 21, 28, 32, 42, 45, 47, 53, 64]
6+|5+|4-|2+ 3+ 1-:8:[11, 35, 36, 42, 45, 52, 53, 66]
2+ 3+ 1-|6+|5+ 4-:6:[11, 35, 42, 45, 52, 53]
6+|5+ 2+ 1-|3+|4-:10:[10, 11, 36, 37, 38, 42, 45, 53, 62, 65]
6+|4-|5+ 2+ 1- 3+:5:[11, 36, 42, 45, 53]
6+|2+ 3+|5+ 4- 1-:5:[11, 29, 42, 45, 53]
6+|5+ 4- 3+|2+ 1-:6:[11, 31, 42, 45, 53, 63]
6+|5+ 2+ 1-|4- 3+:8:[10, 11, 37, 38, 42, 45, 53, 65]
6+|4- 2+|5+ 3+ 1-:12:[11, 14, 19, 23, 24, 39, 40, 42, 45, 49, 53, 71]
6+|5+ 2+ 1- 4- 3+:4:[11, 42, 45, 53]
3+|5+|4-|2+ 6+ 1-:9:[10, 35, 36, 37, 38, 45, 53, 64, 66]
5+ 2+ 6+ 1-|4-|3+:6:[10, 36, 37, 38, 45, 53]
4- 3+|5+ 6+|2+ 1-:7:[10, 31, 37, 38, 45, 53, 63]
5+ 2+ 6+ 1-|4- 3+:5:[10, 37, 38, 45, 53]
5+|4- 1-|3+|2+ 6+:24:[2, 6, 8, 12, 13, 16, 20, 25, 27, 29, 44, 45, 46, 48, 53, 55, 56, 64, 66, 67, 72, 74, 75, 79]
5+|4- 1-|2+ 6+ 3+:10:[2, 12, 20, 29, 44, 45, 53, 66, 74, 75]
5+ 3+|2+ 6+|4- 1-:11:[2, 12, 13, 20, 44, 45, 53, 64, 67, 74, 75]
5+ 2+ 6+|4- 1-|3+:19:[2, 6, 8, 12, 16, 20, 25, 27, 44, 45, 46, 48, 53, 55, 56, 72, 74, 75, 79]
5+ 2+ 6+ 3+|4- 1-:8:[2, 12, 20, 44, 45, 53, 74, 75]
4- 1- 3+|5+ 6+|2+:15:[6, 8, 16, 25, 27, 33, 45, 46, 48, 53, 54, 55, 56, 72, 79]
2+|5+ 4- 1-|6+ 3+:6:[29, 33, 45, 53, 54, 62]
5+ 1-|4- 6+ 3+|2+:7:[7, 33, 45, 53, 54, 65, 76]
5+ 3+|2+|4- 6+ 1-:6:[9, 33, 45, 53, 54, 64]
5+ 4- 3+ 6+ 1-|2+:4:[33, 45, 53, 54]
5+ 6+ 3+|2+ 4- 1-:6:[21, 28, 32, 45, 47, 53]
4- 6+|5+|2+ 3+|1-:10:[5, 7, 9, 18, 22, 45, 52, 53, 66, 76]
5+|2+ 4- 6+ 3+|1-:8:[5, 7, 18, 22, 45, 53, 66, 76]
5+ 1-|2+ 4-|6+ 3+:13:[7, 14, 19, 23, 24, 39, 40, 45, 49, 53, 62, 71, 76]
5+ 1-|2+ 4- 6+ 3+:4:[7, 45, 53, 76]
5+ 4- 2+|1-|6+ 3+:12:[5, 17, 18, 22, 45, 53, 57, 58, 62, 68, 70, 78]
4- 2+ 3+|5+ 6+|1-:8:[5, 18, 22, 26, 45, 51, 53, 59]
2+ 6+|5+ 4- 3+|1-:7:[5, 13, 18, 22, 45, 53, 67]
4- 6+|5+ 2+ 3+|1-:6:[5, 9, 18, 22, 45, 53]
5+ 2+ 4- 6+ 3+|1-:5:[5, 18, 22, 45, 53]
3+|5+|2+ 4-|6+ 1-:24:[14, 17, 19, 23, 24, 26, 39, 40, 45, 49, 50, 51, 53, 57, 58, 59, 64, 66, 68, 70, 71, 73, 77, 78]
3+|2+ 4-|5+ 6+ 1-:13:[14, 19, 23, 24, 26, 39, 40, 45, 49, 51, 53, 59, 71]
5+|2+ 4-|1- 6+ 3+:17:[14, 17, 19, 23, 24, 39, 40, 45, 49, 53, 57, 58, 66, 68, 70, 71, 78]
5+ 3+ 6+ 1-|2+ 4-:10:[14, 19, 23, 24, 39, 40, 45, 49, 53, 71]
5+ 4-|2+ 1-|6+ 3+:6:[31, 35, 45, 53, 62, 63]
5+ 4- 6+ 3+|2+ 1-:4:[31, 45, 53, 63]
5+|2+ 6+|4- 1- 3+:16:[6, 8, 13, 16, 25, 27, 45, 46, 48, 53, 55, 56, 66, 67, 72, 79]
5+ 2+ 6+|4- 3+ 1-:13:[6, 8, 16, 25, 27, 45, 46, 48, 53, 55, 56, 72, 79]
6+ 1-|4-|5+ 2+ 3+:7:[9, 36, 45, 50, 53, 73, 77]
4-|2+ 3+|5+ 6+ 1-:6:[26, 36, 45, 51, 53, 59]
2+ 6+|4-|5+ 1- 3+:5:[13, 36, 45, 53, 67]
5+|4-|2+ 1- 6+ 3+:5:[35, 36, 45, 53, 66]
5+ 2+ 1- 6+ 3+|4-:3:[36, 45, 53]
2+ 6+|3+|5+ 4- 1-:5:[13, 29, 45, 53, 67]
5+ 4- 1-|2+ 6+ 3+:3:[29, 45, 53]
2+ 3+ 6+ 1-|5+ 4-:3:[35, 45, 53]
5+ 2+ 3+|4- 6+ 1-:3:[9, 45, 53]
2+ 6+|5+ 4- 3+ 1-:4:[13, 45, 53, 67]
3+ 6+ 1-|5+ 2+ 4-:8:[17, 45, 53, 57, 58, 68, 70, 78]
2+ 4- 3+|5+ 6+ 1-:5:[26, 45, 51, 53, 59]
6+ 5+ 2+ 3+ 4- 1-:2:[45, 53]
5+|4- 1+|2+|6- 3+:16:[0, 3, 10, 15, 26, 30, 37, 38, 50, 51, 52, 59, 60, 69, 73, 77]
5+ 2+|4- 1+|6- 3+:12:[0, 3, 10, 15, 30, 37, 38, 50, 60, 69, 73, 77]
5+|4- 2+ 1+|6- 3+:12:[0, 3, 15, 26, 30, 50, 51, 59, 60, 69, 73, 77]
5+ 4-|2+|1+|6- 3+:14:[0, 3, 11, 13, 15, 30, 42, 50, 52, 60, 67, 69, 73, 77]
6- 3+|2+ 1+|5+ 4-:11:[0, 3, 13, 15, 30, 50, 60, 67, 69, 73, 77]
1+|5+ 4- 2+|6- 3+:11:[0, 3, 11, 15, 30, 42, 50, 60, 69, 73, 77]
5+ 2+ 4- 1+|6- 3+:9:[0, 3, 15, 30, 50, 60, 69, 73, 77]
6- 5+ 2+|4- 3+|1+:12:[1, 4, 11, 34, 41, 42, 43, 50, 61, 65, 73, 77]
5+ 1+|6- 2+|4- 3+:11:[1, 4, 31, 34, 41, 43, 50, 61, 63, 73, 77]
6- 5+ 2+ 1+|4- 3+:9:[1, 4, 34, 41, 43, 50, 61, 73, 77]
6- 1+|3+|2+|5+ 4-:14:[17, 33, 35, 45, 50, 53, 54, 57, 58, 68, 70, 73, 77, 78]
6- 1+|2+ 3+|5+ 4-:6:[35, 45, 50, 53, 73, 77]
2+ 4- 3+|6- 1+|5+:9:[26, 45, 50, 51, 53, 59, 66, 73, 77]
6- 1+|5+ 4- 3+|2+:7:[33, 45, 50, 53, 54, 73, 77]
6- 1+|3+|5+ 2+ 4-:11:[17, 45, 50, 53, 57, 58, 68, 70, 73, 77, 78]
5+ 3+|6- 1+|2+ 4-:14:[14, 19, 23, 24, 39, 40, 45, 49, 50, 53, 64, 71, 73, 77]
6- 1+|5+ 2+ 4- 3+:5:[45, 50, 53, 73, 77]
6- 5+ 3+|4-|2+|1+:9:[9, 11, 13, 42, 50, 64, 67, 73, 77]
6- 5+ 2+ 3+|4-|1+:6:[9, 11, 42, 50, 73, 77]
6- 5+ 4- 3+|2+|1+:7:[11, 13, 42, 50, 67, 73, 77]
6- 5+ 4- 2+|3+|1+:12:[11, 17, 42, 50, 57, 58, 62, 68, 70, 73, 77, 78]
5+|6- 4- 2+ 3+|1+:8:[11, 26, 42, 50, 51, 59, 73, 77]
2+ 4- 3+|6- 5+|1+:8:[7, 11, 42, 50, 66, 73, 76, 77]
6- 5+ 2+ 4- 3+|1+:5:[11, 42, 50, 73, 77]
5+|4-|2+|6- 1+ 3+:11:[9, 10, 26, 37, 38, 50, 51, 59, 64, 73, 77]
5+ 2+|4-|6- 1+ 3+:7:[9, 10, 37, 38, 50, 73, 77]
6- 4-|5+ 2+|1+ 3+:13:[2, 10, 12, 20, 37, 38, 44, 50, 62, 73, 74, 75, 77]
5+|6- 4- 1+ 3+|2+:9:[10, 26, 37, 38, 50, 51, 59, 73, 77]
5+ 2+|6-|4- 1+ 3+:10:[5, 10, 18, 22, 37, 38, 50, 65, 73, 77]
5+ 2+|6- 4- 1+ 3+:6:[10, 37, 38, 50, 73, 77]
6- 4-|5+ 1+|2+ 3+:10:[2, 12, 20, 35, 44, 50, 73, 74, 75, 77]
6- 4-|2+|5+ 1+ 3+:13:[2, 12, 20, 21, 28, 32, 44, 47, 50, 73, 74, 75, 77]
6- 4-|5+ 2+ 1+ 3+:9:[2, 12, 20, 44, 50, 73, 74, 75, 77]
3+|6- 2+ 1+|5+ 4-:11:[17, 33, 50, 54, 57, 58, 68, 70, 73, 77, 78]
5+ 4- 3+|6- 2+ 1+:5:[33, 50, 54, 73, 77]
6-|4- 2+|5+ 1+ 3+:11:[5, 18, 21, 22, 28, 32, 47, 50, 64, 73, 77]
5+ 1+|3+|6- 2+ 4-:13:[17, 21, 28, 32, 47, 50, 57, 58, 68, 70, 73, 77, 78]
5+|1+ 3+|6- 2+ 4-:11:[21, 26, 28, 32, 47, 50, 51, 59, 62, 73, 77]
6- 2+ 4-|5+ 1+ 3+:7:[21, 28, 32, 47, 50, 73, 77]
4- 1+|3+|6- 5+|2+:13:[7, 17, 35, 50, 57, 58, 65, 68, 70, 73, 76, 77, 78]
2+ 3+|6- 5+|4- 1+:6:[7, 35, 50, 73, 76, 77]
2+ 4- 1+|3+|6- 5+:11:[7, 17, 50, 57, 58, 68, 70, 73, 76, 77, 78]
2+ 3+ 4- 1+|6- 5+:5:[7, 50, 73, 76, 77]
6-|2+ 3+|5+ 4- 1+:8:[5, 18, 22, 35, 50, 52, 73, 77]
6-|1+ 3+|2+|5+ 4-:10:[5, 18, 22, 29, 31, 50, 62, 63, 73, 77]
6-|2+ 1+ 3+|5+ 4-:7:[5, 18, 22, 29, 50, 73, 77]
5+ 3+|6-|4- 1+|2+:17:[5, 14, 18, 19, 22, 23, 24, 31, 36, 39, 40, 49, 50, 63, 71, 73, 77]
6-|4- 1+|5+ 2+ 3+:7:[5, 18, 22, 36, 50, 73, 77]
6-|5+ 4- 1+ 3+|2+:8:[5, 18, 22, 31, 50, 63, 73, 77]
5+ 3+|6-|4- 2+ 1+:14:[5, 14, 18, 19, 22, 23, 24, 39, 40, 49, 50, 71, 73, 77]
6-|5+ 2+ 1+ 4- 3+:6:[5, 18, 22, 50, 73, 77]
5+ 3+|6- 2+|4- 1+:13:[14, 19, 23, 24, 31, 39, 40, 49, 50, 63, 71, 73, 77]
5+ 3+|2+|6- 4- 1+:12:[14, 19, 23, 24, 36, 39, 40, 49, 50, 71, 73, 77]
5+ 3+|6- 2+ 4- 1+:11:[14, 19, 23, 24, 39, 40, 49, 50, 71, 73, 77]
6- 2+|3+|5+ 4- 1+:12:[17, 31, 50, 52, 57, 58, 63, 68, 70, 73, 77, 78]
6- 2+|5+|4- 1+ 3+:9:[26, 31, 50, 51, 59, 63, 65, 73, 77]
6- 2+|5+ 4- 1+ 3+:5:[31, 50, 63, 73, 77]
5+ 2+ 1+|6- 4- 3+:14:[6, 8, 16, 25, 27, 46, 48, 50, 55, 56, 72, 73, 77, 79]
5+ 2+ 3+|6- 4- 1+:4:[36, 50, 73, 77]
2+ 1+ 3+|6- 5+ 4-:4:[29, 50, 73, 77]
6- 5+ 4- 1+|3+|2+:10:[17, 35, 50, 57, 58, 68, 70, 73, 77, 78]
4-|2+ 3+|6- 5+ 1+:6:[9, 35, 50, 66, 73, 77]
6- 5+ 4- 1+|2+ 3+:4:[35, 50, 73, 77]
6- 5+ 3+|4-|2+ 1+:6:[9, 13, 50, 67, 73, 77]
5+|4-|6- 2+ 1+ 3+:7:[9, 26, 50, 51, 59, 73, 77]
6- 5+ 2+ 1+ 3+|4-:4:[9, 50, 73, 77]
6- 5+ 4- 3+|2+ 1+:5:[13, 50, 67, 73, 77]
3+|6- 5+ 2+ 4- 1+:9:[17, 50, 57, 58, 68, 70, 73, 77, 78]
5+|6- 1+ 2+ 4- 3+:6:[26, 50, 51, 59, 73, 77]
1+ 5+ 6- 2+ 4- 3+:3:[50, 73, 77]
6- 4+|5- 3+|2+|1-:17:[0, 1, 3, 4, 7, 15, 30, 34, 41, 43, 52, 60, 61, 65, 66, 69, 76]
6- 4+|2+|5- 1- 3+:14:[0, 1, 3, 4, 15, 30, 34, 41, 43, 52, 60, 61, 66, 69]
5- 3+|6- 1-|4+|2+:23:[0, 3, 6, 7, 8, 15, 16, 25, 27, 29, 30, 46, 48, 52, 55, 56, 60, 62, 65, 69, 72, 76, 79]
6- 1-|5- 4+ 3+|2+:9:[0, 3, 15, 29, 30, 52, 60, 62, 69]
5- 1-|4+|2+|6- 3+:23:[0, 3, 6, 8, 9, 15, 16, 25, 27, 30, 46, 48, 50, 52, 55, 56, 60, 64, 69, 72, 73, 77, 79]
5- 1-|6- 4+ 3+|2+:9:[0, 3, 9, 15, 30, 52, 60, 64, 69]
6- 5- 1- 3+|4+|2+:18:[0, 3, 6, 8, 15, 16, 25, 27, 30, 46, 48, 52, 55, 56, 60, 69, 72, 79]
2+|5- 4+ 1-|6- 3+:10:[0, 3, 15, 30, 50, 52, 60, 69, 73, 77]
5- 3+|2+|6- 4+ 1-:10:[0, 3, 7, 15, 30, 52, 60, 65, 69, 76]
6- 5- 4+ 3+ 1-|2+:7:[0, 3, 15, 30, 52, 60, 69]
5- 3+|6- 2+|4+|1-:18:[1, 4, 17, 26, 34, 41, 43, 51, 52, 57, 58, 59, 61, 62, 65, 68, 70, 78]
6- 2+|4+|5- 1- 3+:13:[1, 4, 17, 34, 41, 43, 52, 57, 58, 61, 68, 70, 78]
5-|1- 3+|6- 2+ 4+:9:[1, 4, 33, 34, 41, 43, 52, 54, 61]
6- 2+ 4+|3+ 5- 1-:7:[1, 4, 34, 41, 43, 52, 61]
2+ 1- 3+|4+|6- 5-:4:[36, 45, 52, 53]
6- 5- 4+|2+ 3+|1-:6:[5, 18, 22, 45, 52, 53]
6- 5- 4+|3+|2+ 1-:5:[31, 45, 52, 53, 63]
2+ 3+ 1-|6- 5- 4+:3:[45, 52, 53]
3+|5-|4+|6- 2+ 1-:11:[11, 21, 28, 31, 32, 42, 47, 52, 62, 63, 65]
3+|6- 2+ 1-|5- 4+:6:[11, 31, 42, 52, 62, 63]
5-|4+|2+ 1-|6- 3+:7:[10, 11, 37, 38, 42, 52, 64]
6- 2+ 3+|1-|5- 4+:6:[11, 42, 50, 52, 73, 77]
6- 2+ 1- 3+|5- 4+:3:[11, 42, 52]
6- 5- 3+|2+ 4+|1-:15:[6, 8, 10, 16, 25, 27, 37, 38, 46, 48, 52, 55, 56, 72, 79]
5- 3+|6-|2+ 4+ 1-:6:[10, 35, 37, 38, 52, 65]
6- 5- 3+|2+ 4+ 1-:4:[10, 37, 38, 52]
2+ 4+ 3+|6- 1-|5-:8:[2, 12, 20, 29, 44, 52, 74, 75]
2+ 3+|4+|6- 5- 1-:10:[2, 5, 12, 18, 20, 22, 44, 52, 74, 75]
2+ 4+ 3+|6- 5-|1-:8:[2, 12, 20, 36, 44, 52, 74, 75]
2+ 4+ 3+|6- 5- 1-:7:[2, 12, 20, 44, 52, 74, 75]
6- 4+|2+ 5-|3+|1-:9:[7, 31, 33, 52, 54, 63, 64, 66, 76]
6- 2+ 5-|4+|1- 3+:11:[14, 19, 23, 24, 33, 39, 40, 49, 52, 54, 71]
6- 2+ 5- 4+|3+|1-:5:[31, 33, 52, 54, 63]
6- 2+ 5- 4+|3+ 1-:3:[33, 52, 54]
2+ 5-|4+ 3+|1-|6-:16:[14, 19, 21, 23, 24, 28, 29, 32, 35, 39, 40, 47, 49, 52, 64, 71]
6- 2+ 5-|4+ 3+|1-:13:[14, 19, 21, 23, 24, 28, 32, 39, 40, 47, 49, 52, 71]
2+ 5-|4+ 3+|6- 1-:6:[21, 28, 29, 32, 47, 52]
6-|5-|4+ 3+|2+ 1-:9:[21, 28, 32, 35, 36, 47, 52, 62, 64]
4+ 3+|2+ 1-|6- 5-:6:[21, 28, 32, 36, 47, 52]
6-|2+ 5- 1-|3+|4+:10:[21, 28, 31, 32, 35, 47, 52, 63, 64, 66]
6-|2+ 5- 1-|4+ 3+:7:[21, 28, 32, 35, 47, 52, 64]
6- 2+ 5- 1-|4+|3+:7:[21, 28, 31, 32, 47, 52, 63]
6- 2+ 5- 1-|4+ 3+:5:[21, 28, 32, 47, 52]
5-|2+ 3+|6- 4+ 1-:6:[5, 7, 18, 22, 52, 76]
6- 1-|4+|2+ 5- 3+:4:[7, 29, 52, 76]
2+ 5-|3+|6- 4+ 1-:5:[7, 31, 52, 63, 76]
2+ 5- 3+|6- 4+ 1-:3:[7, 52, 76]
6- 4+|5- 1-|2+ 3+:6:[5, 9, 18, 22, 52, 66]
6- 5- 4+ 1-|2+ 3+:4:[5, 18, 22, 52]
2+ 5-|6-|1- 4+ 3+:10:[14, 19, 23, 24, 35, 39, 40, 49, 52, 71]
5-|6- 2+|1- 4+ 3+:15:[14, 17, 19, 23, 24, 39, 40, 49, 52, 57, 58, 68, 70, 71, 78]
6- 2+ 5-|3+ 4+ 1-:9:[14, 19, 23, 24, 39, 40, 49, 52, 71]
5- 1-|4+|6- 2+ 3+:5:[9, 50, 52, 73, 77]
5-|4+ 1-|6- 2+ 3+:7:[26, 50, 51, 52, 59, 73, 77]
5- 4+ 1-|6- 2+ 3+:4:[50, 52, 73, 77]
6-|3+|2+ 5- 4+ 1-:4:[31, 35, 52, 63]
3+|6- 2+ 5- 4+ 1-:3:[31, 52, 63]
5- 3+|6- 1-|2+ 4+:14:[6, 8, 16, 25, 27, 29, 46, 48, 52, 55, 56, 65, 72, 79]
5-|2+ 4+|6- 1- 3+:14:[6, 8, 13, 16, 25, 27, 46, 48, 52, 55, 56, 67, 72, 79]
5- 1-|2+ 4+|6- 3+:13:[6, 8, 9, 16, 25, 27, 46, 48, 52, 55, 56, 72, 79]
6- 5- 3+ 1-|2+ 4+:12:[6, 8, 16, 25, 27, 46, 48, 52, 55, 56, 72, 79]
2+ 1- 4+ 3+|6-|5-:3:[35, 36, 52]
2+ 1- 4+ 3+|6- 5-:2:[36, 52]
6-|2+ 5- 4+ 3+|1-:3:[29, 35, 52]
6- 1-|2+ 5- 4+ 3+:2:[29, 52]
6-|3+ 2+ 5- 4+ 1-:2:[35, 52]
5- 1-|6- 2+ 4+ 3+:2:[9, 52]
2+ 5-|4+|1-|6- 3+:7:[13, 26, 51, 52, 59, 64, 67]
6- 3+ 1-|2+ 5- 4+:3:[13, 52, 67]
5- 3+|6- 2+|4+ 1-:11:[17, 26, 51, 52, 57, 58, 59, 65, 68, 70, 78]
6- 2+|3+ 5- 4+ 1-:7:[17, 52, 57, 58, 68, 70, 78]
6- 2+ 5- 3+|4+ 1-:4:[26, 51, 52, 59]
5- 4+ 6- 2+ 3+ 1-:1:[52]
1+ 6+|4+ 3+|5- 2-:13:[0, 2, 3, 12, 15, 20, 30, 44, 60, 62, 69, 74, 75]
2- 4+ 3+|1+ 6+|5-:11:[0, 3, 15, 21, 28, 30, 32, 47, 60, 62, 69]
5- 3+|6+|2- 4+|1+:19:[0, 3, 7, 15, 17, 26, 30, 51, 57, 58, 59, 60, 62, 66, 68, 69, 70, 76, 78]
1+ 6+|4+|5- 2- 3+:19:[0, 3, 6, 8, 15, 16, 25, 27, 30, 46, 48, 55, 56, 60, 62, 65, 69, 72, 79]
6+|2- 5- 4+ 3+|1+:13:[0, 3, 15, 17, 30, 57, 58, 60, 62, 68, 69, 70, 78]
5- 3+|1+ 6+|4+ 2-:9:[0, 3, 7, 15, 30, 60, 62, 69, 76]
1+ 6+|4+ 5- 2- 3+:7:[0, 3, 15, 30, 60, 62, 69]
5- 3+|6+|4+ 1+|2-:20:[1, 4, 6, 8, 16, 25, 27, 29, 34, 41, 43, 46, 48, 55, 56, 61, 62, 66, 72, 79]
5- 6+ 3+|4+ 1+|2-:9:[1, 4, 29, 34, 41, 43, 61, 62, 66]
2- 3+|4+|1+|5- 6+:17:[1, 4, 13, 17, 34, 41, 43, 57, 58, 61, 62, 64, 65, 67, 68, 70, 78]
5- 2- 6+ 3+|4+|1+:14:[1, 4, 17, 34, 41, 43, 57, 58, 61, 62, 65, 68, 70, 78]
6+|4+ 1+|5- 2- 3+:18:[1, 4, 6, 8, 16, 25, 27, 34, 41, 43, 46, 48, 55, 56, 61, 62, 72, 79]
2- 3+|4+ 1+|5- 6+:10:[1, 4, 13, 34, 41, 43, 61, 62, 64, 67]
5- 2- 6+ 3+|4+ 1+:7:[1, 4, 34, 41, 43, 61, 62]
6+|5-|3+|4+ 2- 1+:11:[11, 21, 28, 32, 42, 45, 47, 53, 62, 64, 66]
5-|3+|2- 4+ 1+ 6+:7:[11, 21, 28, 32, 42, 47, 62]
5- 4+ 6+|3+|2- 1+:4:[11, 35, 42, 62]
6+|3+|4+ 5- 2- 1+:5:[11, 42, 45, 53, 62]
2- 6+|3+|5- 4+ 1+:5:[11, 33, 42, 54, 62]
3+|4+ 2-|5- 1+ 6+:5:[7, 11, 42, 62, 76]
3+|4+ 5- 2- 1+ 6+:3:[11, 42, 62]
5- 2-|4+|1+ 6+ 3+:11:[2, 5, 12, 18, 20, 22, 44, 62, 65, 74, 75]
6+|5- 2-|4+ 1+ 3+:8:[2, 9, 12, 20, 44, 62, 74, 75]
5- 2-|4+ 1+ 6+ 3+:7:[2, 12, 20, 44, 62, 74, 75]
6+|1+ 3+|4+ 5- 2-:7:[5, 18, 22, 50, 62, 73, 77]
1+ 6+ 3+|4+ 5- 2-:4:[5, 18, 22, 62]
2- 6+|1+ 3+|5- 4+:6:[31, 50, 62, 63, 73, 77]
4+|1+ 3+|2-|5- 6+:10:[7, 9, 29, 50, 62, 64, 65, 73, 76, 77]
5- 4+ 6+|1+ 3+|2-:5:[29, 50, 62, 73, 77]
5- 2- 6+|4+|1+ 3+:6:[9, 50, 62, 65, 73, 77]
2- 4+|1+ 3+|5- 6+:7:[7, 50, 62, 64, 73, 76, 77]
2- 5- 4+ 6+|1+ 3+:4:[50, 62, 73, 77]
5- 3+|2-|4+ 1+ 6+:13:[6, 8, 16, 25, 27, 29, 46, 48, 55, 56, 62, 72, 79]
5- 2- 3+|4+ 1+ 6+:12:[6, 8, 16, 25, 27, 46, 48, 55, 56, 62, 72, 79]
5- 2- 1+|4+|6+ 3+:5:[36, 45, 53, 62, 65]
5- 2- 1+|4+ 6+ 3+:2:[36, 62]
2- 6+|5- 4+ 3+|1+:8:[17, 52, 57, 58, 62, 68, 70, 78]
5- 6+ 3+|4+ 2-|1+:10:[7, 17, 57, 58, 62, 66, 68, 70, 76, 78]
5- 2- 6+|4+ 3+|1+:8:[9, 17, 57, 58, 62, 68, 70, 78]
5- 4+ 6+|2- 3+|1+:9:[13, 17, 57, 58, 62, 67, 68, 70, 78]
5- 3+|2- 4+ 6+|1+:10:[17, 26, 51, 57, 58, 59, 62, 68, 70, 78]
4+ 5- 2- 6+ 3+|1+:7:[17, 57, 58, 62, 68, 70, 78]
6+|2- 4+|5- 1+ 3+:6:[7, 26, 51, 59, 62, 76]
4+ 2- 6+|5- 1+ 3+:4:[26, 51, 59, 62]
2- 1+ 3+|5-|4+|6+:12:[10, 21, 28, 31, 32, 37, 38, 47, 62, 63, 64, 65]
5-|4+|2- 1+ 6+ 3+:8:[21, 28, 31, 32, 47, 62, 63, 65]
2- 1+ 6+ 3+|5- 4+:3:[31, 62, 63]
5- 1+ 6+ 3+|4+|2-:5:[7, 29, 62, 65, 76]
5- 1+ 6+ 3+|2- 4+:3:[7, 62, 76]
5- 3+|6+|4+|2- 1+:8:[10, 35, 37, 38, 52, 62, 65, 66]
5- 3+|4+ 6+|2- 1+:5:[10, 35, 37, 38, 62]
6+|5- 4+ 3+|2- 1+:3:[35, 52, 62]
5- 4+ 6+ 3+|2- 1+:2:[35, 62]
2- 6+|5-|4+ 1+ 3+:6:[9, 21, 28, 32, 47, 62]
4+ 1+ 3+|5- 6+|2-:4:[9, 29, 62, 64]
5- 2- 6+|4+ 1+ 3+:2:[9, 62]
6+|2- 3+|5- 4+ 1+:5:[13, 33, 54, 62, 67]
5- 4+ 1+ 6+|2- 3+:3:[13, 62, 67]
5-|2- 4+ 1+|6+ 3+:8:[21, 28, 32, 45, 47, 53, 62, 66]
2- 5- 4+ 1+|6+ 3+:3:[45, 53, 62]
5- 4+ 1+ 6+ 3+|2-:2:[29, 62]
5-|2- 1+ 6+|4+ 3+:6:[21, 28, 32, 47, 52, 62]
5- 4+ 3+|2- 1+ 6+:2:[52, 62]
4+ 6+|2- 1+ 3+|5-:8:[10, 21, 28, 32, 37, 38, 47, 62]
4+ 6+|5- 2- 1+ 3+:4:[10, 37, 38, 62]
5- 1+|4+|2- 6+ 3+:12:[14, 19, 23, 24, 33, 39, 40, 49, 54, 62, 65, 71]
5- 4+ 1+|2- 6+ 3+:3:[33, 54, 62]
5-|4+ 2- 1+ 6+ 3+:5:[21, 28, 32, 47, 62]
5- 1+|4+ 2- 6+ 3+:9:[14, 19, 23, 24, 39, 40, 49, 62, 71]
5- 1+ 6+ 2- 4+ 3+:1:[62]
5+ 1+|3+|6- 2- 4+:11:[0, 3, 5, 15, 18, 22, 30, 60, 64, 66, 69]
5+ 1+|4+|6- 2- 3+:18:[0, 3, 6, 8, 15, 16, 25, 27, 30, 46, 48, 55, 56, 60, 64, 69, 72, 79]
5+ 1+|4+ 2-|6- 3+:10:[0, 3, 15, 30, 50, 60, 64, 69, 73, 77]
5+ 1+|6- 4+ 2- 3+:7:[0, 3, 15, 30, 60, 64, 69]
2- 3+|4+|6- 5+ 1+:13:[1, 4, 17, 34, 41, 43, 57, 58, 61, 64, 68, 70, 78]
6- 5+ 4+|3+|2-|1+:12:[1, 4, 7, 9, 34, 41, 43, 61, 64, 65, 66, 76]
6- 5+ 4+ 1+|3+|2-:9:[1, 4, 9, 34, 41, 43, 61, 64, 66]
5+|2- 3+|6- 4+ 1+:9:[1, 4, 33, 34, 41, 43, 54, 61, 64]
6- 5+ 4+ 1+|2- 3+:7:[1, 4, 34, 41, 43, 61, 64]
4+|3+|2- 1+|6- 5+:7:[11, 35, 42, 62, 64, 65, 66]
6- 5+ 3+|4+ 2-|1+:6:[11, 42, 50, 64, 73, 77]
2- 4+ 1+|3+|6- 5+:5:[11, 42, 62, 64, 66]
6- 5+ 3+|4+ 2- 1+:3:[11, 42, 64]
6- 2-|4+|5+ 1+ 3+:10:[2, 5, 12, 18, 20, 22, 44, 64, 74, 75]
5+|6- 2-|4+ 1+ 3+:8:[2, 12, 20, 29, 44, 64, 74, 75]
6- 2-|5+ 4+ 3+|1+:8:[2, 12, 20, 36, 44, 64, 74, 75]
6- 2-|3+|5+ 4+ 1+:19:[2, 6, 8, 12, 16, 20, 25, 27, 44, 46, 48, 55, 56, 64, 66, 72, 74, 75, 79]
6- 2-|5+ 4+ 1+ 3+:7:[2, 12, 20, 44, 64, 74, 75]
5+|1+ 3+|6- 4+ 2-:6:[5, 7, 18, 22, 64, 76]
5+ 3+|6- 4+ 2-|1+:6:[5, 18, 22, 45, 53, 64]
6- 4+ 2-|5+ 1+ 3+:4:[5, 18, 22, 64]
6- 5+ 1+ 3+|4+|2-:5:[9, 50, 64, 73, 77]
3+|2- 4+|6- 5+ 1+:11:[17, 50, 57, 58, 64, 66, 68, 70, 73, 77, 78]
5+|2- 4+|6- 1+ 3+:7:[26, 50, 51, 59, 64, 73, 77]
6- 5+ 1+ 3+|2- 4+:4:[50, 64, 73, 77]
5+|4+ 1+|6- 2- 3+:14:[6, 8, 13, 16, 25, 27, 46, 48, 55, 56, 64, 67, 72, 79]
2-|5+ 4+ 1+|6- 3+:13:[6, 8, 9, 16, 25, 27, 46, 48, 55, 56, 64, 72, 79]
6- 2- 3+|1+|5+ 4+:15:[6, 8, 10, 16, 25, 27, 37, 38, 46, 48, 55, 56, 64, 72, 79]
5+ 4+ 1+|6- 2- 3+:12:[6, 8, 16, 25, 27, 46, 48, 55, 56, 64, 72, 79]
5+ 3+|4+|6- 2- 1+:4:[36, 45, 53, 64]
6-|3+|2- 1+|5+ 4+:11:[10, 21, 28, 32, 36, 37, 38, 47, 64, 65, 66]
3+|6- 2- 1+|5+ 4+:6:[10, 36, 37, 38, 64, 66]
6-|5+ 4+ 3+|2- 1+:6:[21, 28, 32, 36, 47, 64]
5+|6- 2- 1+|4+ 3+:3:[35, 36, 64]
5+ 4+ 3+|6- 2- 1+:2:[36, 64]
2- 4+ 3+|6- 5+|1+:8:[17, 57, 58, 62, 64, 68, 70, 78]
2- 4+ 3+|6- 1+|5+:15:[14, 17, 19, 23, 24, 39, 40, 49, 57, 58, 64, 68, 70, 71, 78]
4+ 2- 3+|6- 5+ 1+:7:[17, 57, 58, 64, 68, 70, 78]
6- 1+|3+|5+ 4+ 2-:13:[14, 19, 23, 24, 26, 39, 40, 49, 51, 59, 64, 66, 71]
6- 1+ 3+|5+ 4+ 2-:4:[26, 51, 59, 64]
6- 5+|2- 1+|4+ 3+:3:[35, 62, 64]
2- 4+ 1+ 3+|6-|5+:6:[21, 28, 32, 47, 62, 64]
4+ 2- 1+ 3+|6- 5+:2:[62, 64]
6-|4+|5+ 2- 1+ 3+:7:[21, 28, 31, 32, 47, 63, 64]
6- 4+|5+ 2-|1+ 3+:5:[7, 31, 63, 64, 76]
6- 4+|5+|3+|2- 1+:8:[31, 45, 52, 53, 63, 64, 65, 66]
6- 4+|5+ 3+|2- 1+:5:[31, 45, 53, 63, 64]
6- 4+|5+ 2- 1+|3+:5:[31, 52, 63, 64, 66]
6- 4+|5+ 2- 3+|1+:5:[31, 33, 54, 63, 64]
6- 4+|5+ 2- 1+ 3+:3:[31, 63, 64]
6- 5+ 4+|1+ 3+|2-:5:[7, 9, 64, 65, 76]
6- 5+ 2-|4+|1+ 3+:4:[7, 29, 64, 76]
6- 5+ 2- 4+|1+ 3+:3:[7, 64, 76]
5+ 2-|4+ 3+|6- 1+:10:[14, 19, 23, 24, 35, 39, 40, 49, 64, 71]
6- 5+ 2-|4+ 3+|1+:3:[29, 35, 64]
6- 5+ 2- 1+|4+ 3+:2:[35, 64]
6- 5+ 4+ 1+ 3+|2-:2:[9, 64]
6- 5+ 2-|4+ 1+|3+:5:[13, 29, 64, 66, 67]
6- 5+ 2- 3+|4+ 1+:3:[13, 64, 67]
5+ 3+|6- 2- 4+ 1+:3:[45, 53, 64]
5+ 2-|6-|4+ 1+ 3+:6:[21, 28, 29, 32, 47, 64]
6- 5+ 2-|4+ 1+ 3+:2:[29, 64]
5+ 2- 1+|6- 4+ 3+:2:[52, 64]
2- 1+ 3+|6-|5+ 4+:9:[10, 21, 28, 32, 37, 38, 47, 64, 65]
6- 2- 1+ 3+|5+ 4+:4:[10, 37, 38, 64]
6- 1+|4+|5+ 2- 3+:11:[14, 19, 23, 24, 33, 39, 40, 49, 54, 64, 71]
5+ 2- 3+|6- 4+ 1+:3:[33, 54, 64]
6-|5+ 4+ 2- 3+|1+:13:[14, 19, 21, 23, 24, 28, 32, 39, 40, 47, 49, 64, 71]
6-|5+ 4+ 1+ 2- 3+:5:[21, 28, 32, 47, 64]
6- 1+|5+ 4+ 2- 3+:9:[14, 19, 23, 24, 39, 40, 49, 64, 71]
1+ 5+ 4+ 6- 2- 3+:1:[64]
4- 6+|5- 2- 3+|1+:13:[0, 1, 3, 4, 15, 30, 34, 41, 43, 60, 61, 65, 69]
5- 2-|3+|4- 1+ 6+:10:[0, 3, 5, 15, 18, 22, 30, 60, 65, 69]
5-|2- 3+|4- 1+ 6+:9:[0, 3, 15, 30, 31, 60, 63, 65, 69]
5- 2- 3+|4- 1+ 6+:7:[0, 3, 15, 30, 60, 65, 69]
4- 2- 3+|5- 6+|1+:9:[1, 4, 13, 34, 41, 43, 61, 65, 67]
5- 3+|4- 2- 6+|1+:8:[1, 4, 34, 41, 43, 52, 61, 65]
4- 5- 6+ 3+|2-|1+:10:[1, 4, 7, 34, 41, 43, 61, 65, 66, 76]
4- 5- 6+|2- 3+|1+:8:[1, 4, 34, 41, 43, 61, 64, 65]
4- 5- 2- 6+|3+|1+:8:[1, 4, 9, 34, 41, 43, 61, 65]
2- 6+|4- 5- 3+|1+:10:[1, 4, 26, 34, 41, 43, 51, 59, 61, 65]
4- 5- 2- 6+ 3+|1+:7:[1, 4, 34, 41, 43, 61, 65]
5- 2- 1+ 6+|4-|3+:4:[11, 42, 62, 65]
5-|2- 1+ 6+|4- 3+:5:[11, 31, 42, 63, 65]
5- 2- 1+ 6+|4- 3+:3:[11, 42, 65]
1+ 6+|3+|4- 5- 2-:18:[2, 6, 8, 12, 16, 20, 25, 27, 44, 46, 48, 55, 56, 65, 72, 74, 75, 79]
1+ 6+ 3+|4- 5- 2-:7:[2, 12, 20, 44, 65, 74, 75]
4- 6+|5- 2-|1+ 3+:5:[5, 9, 18, 22, 65]
5- 2-|4- 1+ 6+ 3+:4:[5, 18, 22, 65]
5- 2- 6+|4- 1+|3+:10:[17, 50, 57, 58, 65, 68, 70, 73, 77, 78]
4- 1+ 3+|5- 6+|2-:6:[7, 50, 65, 73, 76, 77]
5- 2- 6+|4- 1+ 3+:4:[50, 65, 73, 77]
1+ 6+|4- 5- 3+|2-:14:[6, 7, 8, 16, 25, 27, 46, 48, 55, 56, 65, 72, 76, 79]
1+ 6+|2- 3+|4- 5-:16:[6, 8, 16, 21, 25, 27, 28, 32, 46, 47, 48, 55, 56, 65, 72, 79]
1+ 6+|4- 5- 2- 3+:12:[6, 8, 16, 25, 27, 46, 48, 55, 56, 65, 72, 79]
6+|3+|4- 5- 2- 1+:5:[10, 36, 37, 38, 65]
4- 5-|2- 1+|6+ 3+:7:[21, 28, 32, 36, 47, 65, 66]
4- 5- 2- 1+|6+ 3+:2:[36, 65]
5- 2- 6+ 3+|4- 1+:7:[17, 57, 58, 65, 68, 70, 78]
2- 6+|3+|4- 5- 1+:12:[14, 19, 23, 24, 26, 39, 40, 49, 51, 59, 65, 71]
2- 6+|4-|5- 1+ 3+:5:[26, 51, 59, 62, 65]
2- 6+|4- 5- 1+ 3+:4:[26, 51, 59, 65]
5- 6+ 3+|4-|2- 1+:4:[35, 62, 65, 66]
4-|2- 3+|5- 1+ 6+:4:[13, 62, 65, 67]
5- 3+|4-|2- 1+ 6+:3:[52, 62, 65]
6+|4-|5- 2- 1+ 3+:5:[10, 37, 38, 62, 65]
2- 1+ 3+|4-|5- 6+:3:[62, 64, 65]
5- 2- 1+ 6+ 3+|4-:2:[62, 65]
5-|1+ 3+|4- 2- 6+:4:[9, 31, 63, 65]
5-|4- 6+ 3+|2- 1+:6:[31, 45, 53, 63, 65, 66]
5-|3+|4- 2- 1+ 6+:4:[31, 52, 63, 65]
4- 6+|2- 1+ 3+|5-:4:[31, 63, 64, 65]
4- 2- 1+ 3+|6+|5-:6:[10, 31, 37, 38, 63, 65]
5-|4- 2- 1+ 6+ 3+:3:[31, 63, 65]
4- 5- 1+ 6+ 3+|2-:3:[7, 65, 76]
5- 6+ 3+|4- 2- 1+:2:[35, 65]
4- 2-|1+ 3+|5- 6+:3:[9, 29, 65]
4- 5- 2- 6+|1+ 3+:2:[9, 65]
3+|4- 2-|5- 1+ 6+:4:[13, 29, 65, 67]
4- 2- 3+|5- 1+ 6+:3:[13, 65, 67]
5- 2- 1+|4- 6+ 3+:3:[45, 53, 65]
6+|4- 2-|5- 1+ 3+:5:[10, 29, 37, 38, 65]
5- 1+ 6+ 3+|4- 2-:2:[29, 65]
5- 3+|4- 2- 1+ 6+:2:[52, 65]
6+|2- 3+|4- 5- 1+:12:[10, 14, 19, 23, 24, 37, 38, 39, 40, 49, 65, 71]
6+|4- 5- 2- 1+ 3+:4:[10, 37, 38, 65]
5- 1+|4- 2- 6+ 3+:3:[33, 54, 65]
2- 1+ 6+ 3+|4- 5-:5:[21, 28, 32, 47, 65]
2- 1+ 3+|4- 5- 6+:2:[64, 65]
4- 5- 1+|2- 6+ 3+:9:[14, 19, 23, 24, 39, 40, 49, 65, 71]
5- 1+ 6+ 2- 4- 3+:1:[65]
5-|1- 3+|2+ 4- 6+:9:[0, 3, 15, 30, 45, 53, 60, 66, 69]
5- 3+|2+ 4- 6+|1-:9:[0, 3, 7, 15, 30, 60, 66, 69, 76]
6+|2+ 4-|5- 1- 3+:13:[0, 3, 15, 17, 30, 57, 58, 60, 66, 68, 69, 70, 78]
2+ 4- 6+|3+ 5- 1-:7:[0, 3, 15, 30, 60, 66, 69]
6+|4- 5- 1- 3+|2+:18:[1, 4, 6, 8, 16, 25, 27, 34, 41, 43, 46, 48, 55, 56, 61, 66, 72, 79]
5- 6+ 1-|4- 3+|2+:10:[1, 4, 34, 41, 43, 50, 61, 66, 73, 77]
3+ 4- 5- 6+ 1-|2+:7:[1, 4, 34, 41, 43, 61, 66]
2+ 3+ 1-|4-|5- 6+:4:[11, 35, 42, 66]
2+ 4-|3+ 1-|5- 6+:9:[11, 17, 42, 57, 58, 66, 68, 70, 78]
2+ 3+ 4- 1-|6+|5-:5:[11, 42, 45, 53, 66]
5- 6+|4- 3+|2+ 1-:4:[11, 42, 65, 66]
2+ 1- 4- 3+|5- 6+:3:[11, 42, 66]
6+|2+ 3+|4- 5- 1-:8:[2, 9, 12, 20, 44, 66, 74, 75]
4- 5- 1-|2+ 6+ 3+:7:[2, 12, 20, 44, 66, 74, 75]
5- 1-|2+ 6+|4- 3+:15:[5, 6, 8, 16, 18, 22, 25, 27, 46, 48, 55, 56, 66, 72, 79]
2+ 4- 3+|6+|5- 1-:7:[5, 18, 22, 50, 66, 73, 77]
5- 1-|2+ 4- 6+ 3+:4:[5, 18, 22, 66]
2+ 4- 3+|5- 6+ 1-:4:[50, 66, 73, 77]
5- 3+|2+ 6+|4- 1-:13:[6, 8, 16, 25, 27, 29, 46, 48, 55, 56, 66, 72, 79]
2+ 6+|1- 3+|4- 5-:13:[6, 8, 16, 25, 27, 36, 46, 48, 55, 56, 66, 72, 79]
2+ 6+|3+ 4- 5- 1-:12:[6, 8, 16, 25, 27, 46, 48, 55, 56, 66, 72, 79]
2+ 1- 6+ 3+|4- 5-:2:[36, 66]
5- 3+|6+ 1-|2+ 4-:10:[17, 26, 51, 57, 58, 59, 66, 68, 70, 78]
3+ 5- 6+ 1-|2+ 4-:7:[17, 57, 58, 66, 68, 70, 78]
6+|4- 5- 2+ 3+|1-:6:[7, 26, 51, 59, 66, 76]
6+ 1-|4-|2+ 5- 3+:5:[26, 35, 51, 59, 66]
6+ 1-|4- 3+|2+ 5-:6:[26, 33, 51, 54, 59, 66]
6+ 1-|4- 5- 2+ 3+:4:[26, 51, 59, 66]
5- 6+ 3+|2+ 4- 1-:2:[62, 66]
2+ 5- 1-|4- 6+ 3+:3:[31, 63, 66]
5- 3+|4- 6+|2+ 1-:3:[52, 65, 66]
6+|4- 5- 3+|2+ 1-:5:[10, 37, 38, 65, 66]
4- 5- 6+|3+|2+ 1-:3:[64, 65, 66]
4- 5- 6+ 3+|2+ 1-:2:[65, 66]
2+ 5- 6+|4- 3+|1-:5:[7, 13, 66, 67, 76]
4- 5- 6+|2+ 3+|1-:4:[7, 9, 66, 76]
4- 6+|2+ 5- 3+|1-:4:[7, 52, 66, 76]
2+ 5- 4- 6+|3+|1-:4:[7, 64, 66, 76]
2+ 5- 4- 6+ 3+|1-:3:[7, 66, 76]
5- 3+|4-|2+ 6+ 1-:5:[10, 35, 37, 38, 66]
2+ 5- 6+|4-|1- 3+:4:[13, 35, 66, 67]
6+|4-|2+ 5- 1- 3+:3:[35, 52, 66]
2+ 5- 6+ 1-|4-|3+:3:[35, 64, 66]
3+ 2+ 5- 6+ 1-|4-:2:[35, 66]
5-|2+ 3+|4- 6+ 1-:4:[9, 45, 53, 66]
4- 5- 6+ 1-|2+ 3+:2:[9, 66]
6+|2+ 5-|4- 1- 3+:5:[13, 33, 54, 66, 67]
2+ 5- 6+|4- 3+ 1-:3:[13, 66, 67]
5-|2+ 6+ 1-|4- 3+:6:[10, 37, 38, 45, 53, 66]
4- 6+|2+ 1- 3+|5-:4:[45, 52, 53, 66]
5-|3+|2+ 4- 6+ 1-:4:[45, 53, 64, 66]
5-|2+ 3+ 4- 6+ 1-:3:[45, 53, 66]
2+ 5- 6+ 3+|4- 1-:2:[29, 66]
4- 6+|2+ 5-|1- 3+:4:[33, 52, 54, 66]
4- 6+|3+ 2+ 5- 1-:2:[52, 66]
4- 5- 3+|2+ 6+ 1-:4:[10, 37, 38, 66]
2+ 5-|3+|4- 6+ 1-:4:[33, 54, 64, 66]
2+ 5-|4- 3+ 6+ 1-:3:[33, 54, 66]
6+|3+|4- 5- 2+ 1-:6:[21, 28, 32, 47, 64, 66]
4- 5- 2+ 1-|6+ 3+:5:[21, 28, 32, 47, 66]
3+|4- 5- 2+ 6+ 1-:2:[64, 66]
3+ 6+ 1-|4- 5- 2+:9:[14, 19, 23, 24, 39, 40, 49, 66, 71]
5- 6+ 2+ 3+ 4- 1-:1:[66]
:80:[0, 1, 2, 3, 4, 5, 6, 7, 8, 9, 10, 11, 12, 13, 14, 15, 16, 17, 18, 19, 20, 21, 22, 23, 24, 25, 26, 27, 28, 29, 30, 31, 32, 33, 34, 35, 36, 37, 38, 39, 40, 41, 42, 43, 44, 45, 46, 47, 48, 49, 50, 51, 52, 53, 54, 55, 56, 57, 58, 59, 60, 61, 62, 63, 64, 65, 66, 67, 68, 69, 70, 71, 72, 73, 74, 75, 76, 77, 78, 79]
