4+ 2- 1+ 5+ 3+:23:[0, 1, 5, 9, 13, 18, 22, 26, 30, 34, 39, 43, 48, 53, 58, 63, 67, 71, 76, 80, 84, 89, 94]
2+ 5- 1-|4+ 3+:54:[0, 1, 2, 5, 6, 9, 10, 13, 14, 15, 18, 19, 22, 23, 26, 27, 30, 31, 34, 35, 36, 39, 40, 43, 44, 45, 48, 49, 50, 53, 54, 55, 58, 59, 60, 63, 64, 67, 68, 71, 72, 73, 76, 77, 80, 81, 84, 85, 86, 89, 90, 91, 94, 95]
3+ 2+ 5- 4+ 1-:31:[2, 6, 10, 14, 15, 19, 23, 27, 31, 35, 36, 40, 44, 45, 49, 50, 54, 55, 59, 60, 64, 68, 72, 73, 77, 81, 85, 86, 90, 91, 95]
5- 1-|2-|4+ 3+:76:[0, 1, 2, 3, 5, 6, 7, 9, 10, 11, 13, 14, 15, 16, 18, 19, 20, 22, 23, 24, 26, 27, 28, 30, 31, 32, 34, 35, 36, 37, 39, 40, 41, 43, 44, 45, 46, 48, 49, 50, 51, 53, 54, 55, 56, 58, 59, 60, 61, 63, 64, 65, 67, 68, 69, 71, 72, 73, 74, 76, 77, 78, 80, 81, 82, 84, 85, 86, 87, 89, 90, 91, 92, 94, 95, 96]
2- 4+ 3+|5- 1-:45:[0, 1, 3, 5, 7, 9, 11, 13, 16, 18, 20, 22, 24, 26, 28, 30, 32, 34, 37, 39, 41, 43, 46, 48, 51, 53, 56, 58, 61, 63, 65, 67, 69, 71, 74, 76, 78, 80, 82, 84, 87, 89, 92, 94, 96]
5- 4+ 1- 3+|2-:53:[2, 3, 6, 7, 10, 11, 14, 15, 16, 19, 20, 23, 24, 27, 28, 31, 32, 35, 36, 37, 40, 41, 44, 45, 46, 49, 50, 51, 54, 55, 56, 59, 60, 61, 64, 65, 68, 69, 72, 73, 74, 77, 78, 81, 82, 85, 86, 87, 90, 91, 92, 95, 96]
3+ 4+ 5- 2- 1-:22:[3, 7, 11, 16, 20, 24, 28, 32, 37, 41, 46, 51, 56, 61, 65, 69, 74, 78, 82, 87, 92, 96]
5-|2-|1+|4+ 3+:123:[0, 1, 2, 3, 4, 5, 6, 7, 8, 9, 10, 11, 12, 13, 14, 15, 16, 17, 18, 19, 20, 21, 22, 23, 24, 25, 26, 27, 28, 29, 30, 31, 32, 33, 34, 35, 36, 37, 38, 39, 40, 41, 42, 43, 44, 45, 46, 47, 48, 49, 50, 51, 52, 53, 54, 55, 56, 57, 58, 59, 60, 61, 62, 63, 64, 65, 66, 67, 68, 69, 70, 71, 72, 73, 74, 75, 76, 77, 78, 79, 80, 81, 82, 83, 84, 85, 86, 87, 88, 89, 90, 91, 92, 93, 94, 95, 96, 97, 98, 99, 100, 101, 102, 109, 110, 115, 116, 120, 121, 126, 127, 150, 151, 155, 156, 161, 162, 171, 172, 180, 181, 185, 186]
5-|2- 1+|4+ 3+:101:[0, 1, 2, 4, 5, 6, 8, 9, 10, 12, 13, 14, 15, 17, 18, 19, 21, 22, 23, 25, 26, 27, 29, 30, 31, 33, 34, 35, 36, 38, 39, 40, 42, 43, 44, 45, 47, 48, 49, 50, 52, 53, 54, 55, 57, 58, 59, 60, 62, 63, 64, 66, 67, 68, 70, 71, 72, 73, 75, 76, 77, 79, 80, 81, 83, 84, 85, 86, 88, 89, 90, 91, 93, 94, 95, 97, 98, 99, 100, 101, 102, 109, 110, 115, 116, 120, 121, 126, 127, 150, 151, 155, 156, 161, 162, 171, 172, 180, 181, 185, 186]
4+ 2- 3+|5-|1+:92:[0, 1, 3, 4, 5, 7, 8, 9, 11, 12, 13, 16, 17, 18, 20, 21, 22, 24, 25, 26, 28, 29, 30, 32, 33, 34, 37, 38, 39, 41, 42, 43, 46, 47, 48, 51, 52, 53, 56, 57, 58, 61, 62, 63, 65, 66, 67, 69, 70, 71, 74, 75, 76, 78, 79, 80, 82, 83, 84, 87, 88, 89, 92, 93, 94, 96, 97, 98, 99, 100, 101, 102, 109, 110, 115, 116, 120, 121, 126, 127, 150, 151, 155, 156, 161, 162, 171, 172, 180, 181, 185, 186]
2- 4+ 1+ 3+|5-:70:[0, 1, 4, 5, 8, 9, 12, 13, 17, 18, 21, 22, 25, 26, 29, 30, 33, 34, 38, 39, 42, 43, 47, 48, 52, 53, 57, 58, 62, 63, 66, 67, 70, 71, 75, 76, 79, 80, 83, 84, 88, 89, 93, 94, 97, 98, 99, 100, 101, 102, 109, 110, 115, 116, 120, 121, 126, 127, 150, 151, 155, 156, 161, 162, 171, 172, 180, 181, 185, 186]
5- 4+ 3+|2-|1+:100:[2, 3, 4, 6, 7, 8, 10, 11, 12, 14, 15, 16, 17, 19, 20, 21, 23, 24, 25, 27, 28, 29, 31, 32, 33, 35, 36, 37, 38, 40, 41, 42, 44, 45, 46, 47, 49, 50, 51, 52, 54, 55, 56, 57, 59, 60, 61, 62, 64, 65, 66, 68, 69, 70, 72, 73, 74, 75, 77, 78, 79, 81, 82, 83, 85, 86, 87, 88, 90, 91, 92, 93, 95, 96, 97, 98, 99, 100, 101, 102, 109, 110, 115, 116, 120, 121, 126, 127, 150, 151, 155, 156, 161, 162, 171, 172, 180, 181, 185, 186]
5- 4+ 3+|2- 1+:78:[2, 4, 6, 8, 10, 12, 14, 15, 17, 19, 21, 23, 25, 27, 29, 31, 33, 35, 36, 38, 40, 42, 44, 45, 47, 49, 50, 52, 54, 55, 57, 59, 60, 62, 64, 66, 68, 70, 72, 73, 75, 77, 79, 81, 83, 85, 86, 88, 90, 91, 93, 95, 97, 98, 99, 100, 101, 102, 109, 110, 115, 116, 120, 121, 126, 127, 150, 151, 155, 156, 161, 162, 171, 172, 180, 181, 185, 186]
2- 5- 4+ 3+|1+:69:[3, 4, 7, 8, 11, 12, 16, 17, 20, 21, 24, 25, 28, 29, 32, 33, 37, 38, 41, 42, 46, 47, 51, 52, 56, 57, 61, 62, 65, 66, 69, 70, 74, 75, 78, 79, 82, 83, 87, 88, 92, 93, 96, 97, 98, 99, 100, 101, 102, 109, 110, 115, 116, 120, 121, 126, 127, 150, 151, 155, 156, 161, 162, 171, 172, 180, 181, 185, 186]
4+ 5- 2- 1+ 3+:47:[4, 8, 12, 17, 21, 25, 29, 33, 38, 42, 47, 52, 57, 62, 66, 70, 75, 79, 83, 88, 93, 97, 98, 99, 100, 101, 102, 109, 110, 115, 116, 120, 121, 126, 127, 150, 151, 155, 156, 161, 162, 171, 172, 180, 181, 185, 186]
5+|4-|3+|2+|1-:322:[0, 1, 2, 3, 4, 5, 6, 7, 8, 9, 10, 11, 12, 13, 14, 15, 16, 17, 18, 19, 20, 21, 22, 23, 24, 25, 26, 27, 28, 29, 30, 31, 32, 33, 34, 35, 36, 37, 38, 39, 40, 41, 42, 43, 44, 45, 46, 47, 48, 49, 50, 51, 52, 53, 54, 55, 56, 57, 58, 59, 60, 61, 62, 63, 64, 65, 66, 67, 68, 69, 70, 71, 72, 73, 74, 75, 76, 77, 78, 79, 80, 81, 82, 83, 84, 85, 86, 87, 88, 89, 90, 91, 92, 93, 94, 95, 96, 97, 98, 99, 100, 101, 102, 103, 104, 105, 106, 107, 108, 109, 110, 111, 112, 113, 114, 115, 116, 117, 118, 119, 120, 121, 122, 123, 124, 125, 126, 127, 128, 129, 130, 131, 132, 133, 134, 135, 136, 137, 138, 139, 140, 141, 142, 143, 144, 145, 146, 147, 148, 149, 150, 151, 152, 153, 154, 155, 156, 157, 158, 159, 160, 161, 162, 163, 164, 165, 166, 167, 168, 169, 170, 171, 172, 173, 174, 175, 176, 177, 178, 179, 180, 181, 182, 183, 184, 185, 186, 187, 188, 189, 190, 191, 192, 193, 194, 195, 196, 197, 198, 199, 200, 201, 202, 203, 204, 205, 206, 207, 208, 209, 210, 211, 212, 213, 214, 215, 216, 217, 218, 219, 220, 221, 222, 223, 224, 225, 226, 227, 228, 229, 230, 231, 232, 233, 234, 235, 236, 237, 238, 239, 240, 241, 242, 243, 244, 245, 246, 247, 248, 249, 250, 251, 252, 253, 254, 255, 256, 257, 258, 259, 260, 261, 262, 263, 264, 265, 266, 267, 268, 269, 270, 271, 272, 273, 274, 275, 276, 277, 278, 279, 280, 281, 282, 283, 284, 285, 286, 287, 288, 289, 290, 291, 292, 293, 294, 295, 296, 297, 298, 299, 300, 301, 302, 303, 304, 305, 306, 307, 308, 309, 310, 311, 312, 313, 314, 315, 316, 317, 318, 319, 320, 321]
5+|4-|3+|2+ 1-:176:[0, 1, 2, 4, 5, 6, 8, 9, 10, 12, 13, 14, 15, 17, 18, 19, 21, 22, 23, 25, 26, 27, 29, 30, 31, 33, 34, 35, 36, 38, 39, 40, 42, 43, 44, 45, 47, 48, 49, 50, 52, 53, 54, 55, 57, 58, 59, 60, 62, 63, 64, 66, 67, 68, 70, 71, 72, 73, 75, 76, 77, 79, 80, 81, 83, 84, 85, 86, 88, 89, 90, 91, 93, 94, 95, 97, 98, 99, 100, 101, 102, 103, 104, 105, 106, 107, 108, 109, 110, 111, 112, 113, 114, 115, 116, 117, 118, 119, 120, 121, 122, 123, 124, 125, 126, 127, 128, 129, 130, 131, 132, 133, 134, 135, 136, 137, 138, 139, 140, 141, 142, 143, 144, 145, 146, 147, 148, 149, 150, 151, 152, 153, 154, 155, 156, 157, 158, 159, 160, 161, 162, 163, 164, 165, 166, 167, 168, 169, 170, 171, 172, 173, 174, 175, 176, 177, 178, 179, 180, 181, 182, 183, 184, 185, 186, 187, 188, 189, 190, 191, 192, 193, 194, 195, 197, 198]
4- 2+|5+|3+|1-:291:[0, 1, 3, 4, 5, 7, 8, 9, 11, 12, 13, 16, 17, 18, 20, 21, 22, 24, 25, 26, 28, 29, 30, 32, 33, 34, 37, 38, 39, 41, 42, 43, 46, 47, 48, 51, 52, 53, 56, 57, 58, 61, 62, 63, 65, 66, 67, 69, 70, 71, 74, 75, 76, 78, 79, 80, 82, 83, 84, 87, 88, 89, 92, 93, 94, 96, 97, 98, 99, 100, 101, 102, 103, 104, 105, 106, 107, 108, 109, 110, 111, 112, 113, 114, 115, 116, 117, 118, 119, 120, 121, 122, 123, 124, 125, 126, 127, 128, 129, 130, 131, 132, 133, 134, 135, 136, 137, 138, 139, 140, 141, 142, 143, 144, 145, 146, 147, 148, 149, 150, 151, 152, 153, 154, 155, 156, 157, 158, 159, 160, 161, 162, 163, 164, 165, 166, 167, 168, 169, 170, 171, 172, 173, 174, 175, 176, 177, 178, 179, 180, 181, 182, 183, 184, 185, 186, 187, 188, 189, 190, 191, 192, 193, 194, 195, 196, 197, 198, 199, 200, 201, 202, 203, 204, 205, 206, 207, 208, 209, 210, 211, 212, 213, 214, 215, 216, 217, 218, 219, 220, 221, 222, 223, 224, 225, 226, 227, 228, 229, 230, 231, 232, 233, 234, 235, 236, 237, 238, 239, 240, 241, 242, 243, 244, 245, 246, 247, 248, 249, 250, 251, 252, 253, 254, 255, 256, 257, 258, 259, 260, 261, 262, 263, 264, 265, 266, 267, 268, 269, 270, 271, 272, 273, 274, 275, 276, 277, 278, 279, 280, 281, 282, 283, 284, 285, 286, 287, 288, 289, 290, 291, 292, 293, 294, 295, 296, 297, 298, 299, 300, 301, 302, 303, 304, 305, 306, 307, 308, 309, 310, 311, 312, 313, 314, 315, 316, 317, 318, 319, 320, 321]
4- 2+ 1-|3+|5+:145:[0, 1, 4, 5, 8, 9, 12, 13, 17, 18, 21, 22, 25, 26, 29, 30, 33, 34, 38, 39, 42, 43, 47, 48, 52, 53, 57, 58, 62, 63, 66, 67, 70, 71, 75, 76, 79, 80, 83, 84, 88, 89, 93, 94, 97, 98, 99, 100, 101, 102, 103, 104, 105, 106, 107, 108, 109, 110, 111, 112, 113, 114, 115, 116, 117, 118, 119, 120, 121, 122, 123, 124, 125, 126, 127, 128, 129, 130, 131, 132, 133, 134, 135, 136, 137, 138, 139, 140, 141, 142, 143, 144, 145, 146, 147, 148, 149, 150, 151, 152, 153, 154, 155, 156, 157, 158, 159, 160, 161, 162, 163, 164, 165, 166, 167, 168, 169, 170, 171, 172, 173, 174, 175, 176, 177, 178, 179, 180, 181, 182, 183, 184, 185, 186, 187, 188, 189, 190, 191, 192, 193, 194, 195, 197, 198]
5+ 3+|4- 2+ 1-:98:[0, 1, 5, 9, 13, 18, 22, 26, 30, 34, 39, 43, 48, 53, 58, 63, 67, 71, 76, 80, 84, 89, 94, 103, 104, 105, 106, 107, 108, 111, 112, 113, 114, 117, 118, 119, 122, 123, 124, 125, 128, 129, 130, 131, 132, 133, 134, 135, 136, 137, 138, 139, 140, 141, 142, 143, 144, 145, 146, 147, 148, 149, 152, 153, 154, 157, 158, 159, 160, 163, 164, 165, 166, 167, 168, 169, 170, 173, 174, 175, 176, 177, 178, 179, 182, 183, 184, 187, 188, 189, 190, 191, 192, 193, 194, 195, 197, 198]
3+|2+|1-|5+ 4-:256:[2, 3, 4, 6, 7, 8, 10, 11, 12, 14, 15, 16, 17, 19, 20, 21, 23, 24, 25, 27, 28, 29, 31, 32, 33, 35, 36, 37, 38, 40, 41, 42, 44, 45, 46, 47, 49, 50, 51, 52, 54, 55, 56, 57, 59, 60, 61, 62, 64, 65, 66, 68, 69, 70, 72, 73, 74, 75, 77, 78, 79, 81, 82, 83, 85, 86, 87, 88, 90, 91, 92, 93, 95, 96, 97, 98, 99, 100, 101, 102, 103, 104, 105, 106, 107, 108, 109, 110, 111, 112, 113, 114, 115, 116, 117, 118, 119, 120, 121, 122, 123, 124, 125, 126, 127, 128, 129, 130, 131, 132, 133, 134, 135, 136, 137, 138, 139, 140, 141, 142, 143, 144, 145, 146, 147, 148, 149, 150, 151, 152, 153, 154, 155, 156, 157, 158, 159, 160, 161, 162, 163, 164, 165, 166, 167, 168, 169, 170, 171, 172, 173, 174, 175, 176, 177, 178, 179, 180, 181, 182, 183, 184, 185, 186, 187, 188, 189, 190, 191, 192, 193, 194, 195, 197, 198, 200, 201, 202, 204, 205, 206, 209, 210, 211, 214, 215, 216, 219, 220, 221, 224, 225, 226, 228, 229, 230, 232, 233, 234, 237, 238, 239, 242, 243, 244, 246, 247, 248, 251, 252, 253, 255, 256, 257, 259, 260, 261, 264, 265, 266, 268, 269, 270, 273, 274, 275, 277, 278, 279, 281, 282, 283, 285, 286, 287, 290, 291, 292, 295, 296, 297, 300, 301, 302, 304, 305, 306, 309, 310, 311, 313, 314, 315, 318, 319, 320]
3+|2+ 1-|5+ 4-:153:[2, 4, 6, 8, 10, 12, 14, 15, 17, 19, 21, 23, 25, 27, 29, 31, 33, 35, 36, 38, 40, 42, 44, 45, 47, 49, 50, 52, 54, 55, 57, 59, 60, 62, 64, 66, 68, 70, 72, 73, 75, 77, 79, 81, 83, 85, 86, 88, 90, 91, 93, 95, 97, 98, 99, 100, 101, 102, 103, 104, 105, 106, 107, 108, 109, 110, 111, 112, 113, 114, 115, 116, 117, 118, 119, 120, 121, 122, 123, 124, 125, 126, 127, 128, 129, 130, 131, 132, 133, 134, 135, 136, 137, 138, 139, 140, 141, 142, 143, 144, 145, 146, 147, 148, 149, 150, 151, 152, 153, 154, 155, 156, 157, 158, 159, 160, 161, 162, 163, 164, 165, 166, 167, 168, 169, 170, 171, 172, 173, 174, 175, 176, 177, 178, 179, 180, 181, 182, 183, 184, 185, 186, 187, 188, 189, 190, 191, 192, 193, 194, 195, 197, 198]
3+ 1-|2+|5+ 4-:128:[2, 3, 6, 7, 10, 11, 14, 15, 16, 19, 20, 23, 24, 27, 28, 31, 32, 35, 36, 37, 40, 41, 44, 45, 46, 49, 50, 51, 54, 55, 56, 59, 60, 61, 64, 65, 68, 69, 72, 73, 74, 77, 78, 81, 82, 85, 86, 87, 90, 91, 92, 95, 96, 103, 104, 105, 106, 107, 108, 111, 112, 113, 114, 117, 118, 119, 122, 123, 124, 125, 128, 129, 130, 131, 132, 133, 134, 135, 136, 137, 138, 139, 140, 141, 142, 143, 144, 145, 146, 147, 148, 149, 152, 153, 154, 157, 158, 159, 160, 163, 164, 165, 166, 167, 168, 169, 170, 173, 174, 175, 176, 177, 178, 179, 182, 183, 184, 187, 188, 189, 190, 191, 192, 193, 194, 195, 197, 198]
2+ 1- 3+|5+ 4-:106:[2, 6, 10, 14, 15, 19, 23, 27, 31, 35, 36, 40, 44, 45, 49, 50, 54, 55, 59, 60, 64, 68, 72, 73, 77, 81, 85, 86, 90, 91, 95, 103, 104, 105, 106, 107, 108, 111, 112, 113, 114, 117, 118, 119, 122, 123, 124, 125, 128, 129, 130, 131, 132, 133, 134, 135, 136, 137, 138, 139, 140, 141, 142, 143, 144, 145, 146, 147, 148, 149, 152, 153, 154, 157, 158, 159, 160, 163, 164, 165, 166, 167, 168, 169, 170, 173, 174, 175, 176, 177, 178, 179, 182, 183, 184, 187, 188, 189, 190, 191, 192, 193, 194, 195, 197, 198]
3+|5+ 4- 2+|1-:225:[3, 4, 7, 8, 11, 12, 16, 17, 20, 21, 24, 25, 28, 29, 32, 33, 37, 38, 41, 42, 46, 47, 51, 52, 56, 57, 61, 62, 65, 66, 69, 70, 74, 75, 78, 79, 82, 83, 87, 88, 92, 93, 96, 97, 98, 99, 100, 101, 102, 103, 104, 105, 106, 107, 108, 109, 110, 111, 112, 113, 114, 115, 116, 117, 118, 119, 120, 121, 122, 123, 124, 125, 126, 127, 128, 129, 130, 131, 132, 133, 134, 135, 136, 137, 138, 139, 140, 141, 142, 143, 144, 145, 146, 147, 148, 149, 150, 151, 152, 153, 154, 155, 156, 157, 158, 159, 160, 161, 162, 163, 164, 165, 166, 167, 168, 169, 170, 171, 172, 173, 174, 175, 176, 177, 178, 179, 180, 181, 182, 183, 184, 185, 186, 187, 188, 189, 190, 191, 192, 193, 194, 195, 197, 198, 200, 201, 202, 204, 205, 206, 209, 210, 211, 214, 215, 216, 219, 220, 221, 224, 225, 226, 228, 229, 230, 232, 233, 234, 237, 238, 239, 242, 243, 244, 246, 247, 248, 251, 252, 253, 255, 256, 257, 259, 260, 261, 264, 265, 266, 268, 269, 270, 273, 274, 275, 277, 278, 279, 281, 282, 283, 285, 286, 287, 290, 291, 292, 295, 296, 297, 300, 301, 302, 304, 305, 306, 309, 310, 311, 313, 314, 315, 318, 319, 320]
3+|5+ 4- 2+ 1-:122:[4, 8, 12, 17, 21, 25, 29, 33, 38, 42, 47, 52, 57, 62, 66, 70, 75, 79, 83, 88, 93, 97, 98, 99, 100, 101, 102, 103, 104, 105, 106, 107, 108, 109, 110, 111, 112, 113, 114, 115, 116, 117, 118, 119, 120, 121, 122, 123, 124, 125, 126, 127, 128, 129, 130, 131, 132, 133, 134, 135, 136, 137, 138, 139, 140, 141, 142, 143, 144, 145, 146, 147, 148, 149, 150, 151, 152, 153, 154, 155, 156, 157, 158, 159, 160, 161, 162, 163, 164, 165, 166, 167, 168, 169, 170, 171, 172, 173, 174, 175, 176, 177, 178, 179, 180, 181, 182, 183, 184, 185, 186, 187, 188, 189, 190, 191, 192, 193, 194, 195, 197, 198]
1- 3+|5+ 4- 2+:97:[3, 7, 11, 16, 20, 24, 28, 32, 37, 41, 46, 51, 56, 61, 65, 69, 74, 78, 82, 87, 92, 96, 103, 104, 105, 106, 107, 108, 111, 112, 113, 114, 117, 118, 119, 122, 123, 124, 125, 128, 129, 130, 131, 132, 133, 134, 135, 136, 137, 138, 139, 140, 141, 142, 143, 144, 145, 146, 147, 148, 149, 152, 153, 154, 157, 158, 159, 160, 163, 164, 165, 166, 167, 168, 169, 170, 173, 174, 175, 176, 177, 178, 179, 182, 183, 184, 187, 188, 189, 190, 191, 192, 193, 194, 195, 197, 198]
5+ 2+ 3+ 4- 1-:75:[103, 104, 105, 106, 107, 108, 111, 112, 113, 114, 117, 118, 119, 122, 123, 124, 125, 128, 129, 130, 131, 132, 133, 134, 135, 136, 137, 138, 139, 140, 141, 142, 143, 144, 145, 146, 147, 148, 149, 152, 153, 154, 157, 158, 159, 160, 163, 164, 165, 166, 167, 168, 169, 170, 173, 174, 175, 176, 177, 178, 179, 182, 183, 184, 187, 188, 189, 190, 191, 192, 193, 194, 195, 197, 198]
5+ 2-|4+|3-|1-:97:[0, 1, 2, 5, 6, 9, 10, 13, 14, 15, 18, 19, 22, 23, 26, 27, 30, 31, 34, 35, 36, 39, 40, 43, 44, 45, 48, 49, 50, 53, 54, 55, 58, 59, 60, 63, 64, 67, 68, 71, 72, 73, 76, 77, 80, 81, 84, 85, 86, 89, 90, 91, 94, 95, 196, 199, 203, 207, 208, 212, 213, 217, 218, 222, 223, 227, 231, 235, 236, 240, 241, 245, 249, 250, 254, 258, 262, 263, 267, 271, 272, 276, 280, 284, 288, 289, 293, 294, 298, 299, 303, 307, 308, 312, 316, 317, 321]
3- 1-|5+|4+ 2-:194:[0, 1, 4, 5, 8, 9, 12, 13, 17, 18, 21, 22, 25, 26, 29, 30, 33, 34, 38, 39, 42, 43, 47, 48, 52, 53, 57, 58, 62, 63, 66, 67, 70, 71, 75, 76, 79, 80, 83, 84, 88, 89, 93, 94, 97, 98, 99, 100, 101, 102, 109, 110, 115, 116, 120, 121, 126, 127, 150, 151, 155, 156, 161, 162, 171, 172, 180, 181, 185, 186, 196, 199, 200, 201, 202, 203, 204, 205, 206, 207, 208, 209, 210, 211, 212, 213, 214, 215, 216, 217, 218, 219, 220, 221, 222, 223, 224, 225, 226, 227, 228, 229, 230, 231, 232, 233, 234, 235, 236, 237, 238, 239, 240, 241, 242, 243, 244, 245, 246, 247, 248, 249, 250, 251, 252, 253, 254, 255, 256, 257, 258, 259, 260, 261, 262, 263, 264, 265, 266, 267, 268, 269, 270, 271, 272, 273, 274, 275, 276, 277, 278, 279, 280, 281, 282, 283, 284, 285, 286, 287, 288, 289, 290, 291, 292, 293, 294, 295, 296, 297, 298, 299, 300, 301, 302, 303, 304, 305, 306, 307, 308, 309, 310, 311, 312, 313, 314, 315, 316, 317, 318, 319, 320, 321]
3- 1-|2- 4+ 5+:66:[0, 1, 5, 9, 13, 18, 22, 26, 30, 34, 39, 43, 48, 53, 58, 63, 67, 71, 76, 80, 84, 89, 94, 196, 199, 203, 207, 208, 212, 213, 217, 218, 222, 223, 227, 231, 235, 236, 240, 241, 245, 249, 250, 254, 258, 262, 263, 267, 271, 272, 276, 280, 284, 288, 289, 293, 294, 298, 299, 303, 307, 308, 312, 316, 317, 321]
5+ 3-|4+|2-|1-:143:[2, 3, 4, 6, 7, 8, 10, 11, 12, 14, 15, 16, 17, 19, 20, 21, 23, 24, 25, 27, 28, 29, 31, 32, 33, 35, 36, 37, 38, 40, 41, 42, 44, 45, 46, 47, 49, 50, 51, 52, 54, 55, 56, 57, 59, 60, 61, 62, 64, 65, 66, 68, 69, 70, 72, 73, 74, 75, 77, 78, 79, 81, 82, 83, 85, 86, 87, 88, 90, 91, 92, 93, 95, 96, 97, 98, 99, 100, 101, 102, 109, 110, 115, 116, 120, 121, 126, 127, 150, 151, 155, 156, 161, 162, 171, 172, 180, 181, 185, 186, 196, 199, 203, 207, 208, 212, 213, 217, 218, 222, 223, 227, 231, 235, 236, 240, 241, 245, 249, 250, 254, 258, 262, 263, 267, 271, 272, 276, 280, 284, 288, 289, 293, 294, 298, 299, 303, 307, 308, 312, 316, 317, 321]
5+ 3-|4+ 1-|2-:96:[2, 3, 6, 7, 10, 11, 14, 15, 16, 19, 20, 23, 24, 27, 28, 31, 32, 35, 36, 37, 40, 41, 44, 45, 46, 49, 50, 51, 54, 55, 56, 59, 60, 61, 64, 65, 68, 69, 72, 73, 74, 77, 78, 81, 82, 85, 86, 87, 90, 91, 92, 95, 96, 196, 199, 203, 207, 208, 212, 213, 217, 218, 222, 223, 227, 231, 235, 236, 240, 241, 245, 249, 250, 254, 258, 262, 263, 267, 271, 272, 276, 280, 284, 288, 289, 293, 294, 298, 299, 303, 307, 308, 312, 316, 317, 321]
5+|2- 3-|4+|1-:230:[2, 6, 10, 14, 15, 19, 23, 27, 31, 35, 36, 40, 44, 45, 49, 50, 54, 55, 59, 60, 64, 68, 72, 73, 77, 81, 85, 86, 90, 91, 95, 103, 104, 105, 106, 107, 108, 111, 112, 113, 114, 117, 118, 119, 122, 123, 124, 125, 128, 129, 130, 131, 132, 133, 134, 135, 136, 137, 138, 139, 140, 141, 142, 143, 144, 145, 146, 147, 148, 149, 152, 153, 154, 157, 158, 159, 160, 163, 164, 165, 166, 167, 168, 169, 170, 173, 174, 175, 176, 177, 178, 179, 182, 183, 184, 187, 188, 189, 190, 191, 192, 193, 194, 195, 196, 197, 198, 199, 200, 201, 202, 203, 204, 205, 206, 207, 208, 209, 210, 211, 212, 213, 214, 215, 216, 217, 218, 219, 220, 221, 222, 223, 224, 225, 226, 227, 228, 229, 230, 231, 232, 233, 234, 235, 236, 237, 238, 239, 240, 241, 242, 243, 244, 245, 246, 247, 248, 249, 250, 251, 252, 253, 254, 255, 256, 257, 258, 259, 260, 261, 262, 263, 264, 265, 266, 267, 268, 269, 270, 271, 272, 273, 274, 275, 276, 277, 278, 279, 280, 281, 282, 283, 284, 285, 286, 287, 288, 289, 290, 291, 292, 293, 294, 295, 296, 297, 298, 299, 300, 301, 302, 303, 304, 305, 306, 307, 308, 309, 310, 311, 312, 313, 314, 315, 316, 317, 318, 319, 320, 321]
4+ 1-|5+ 2- 3-:74:[2, 6, 10, 14, 15, 19, 23, 27, 31, 35, 36, 40, 44, 45, 49, 50, 54, 55, 59, 60, 64, 68, 72, 73, 77, 81, 85, 86, 90, 91, 95, 196, 199, 203, 207, 208, 212, 213, 217, 218, 222, 223, 227, 231, 235, 236, 240, 241, 245, 249, 250, 254, 258, 262, 263, 267, 271, 272, 276, 280, 284, 288, 289, 293, 294, 298, 299, 303, 307, 308, 312, 316, 317, 321]
3-|5+ 1-|2- 4+:165:[4, 8, 12, 17, 21, 25, 29, 33, 38, 42, 47, 52, 57, 62, 66, 70, 75, 79, 83, 88, 93, 97, 98, 99, 100, 101, 102, 103, 104, 105, 106, 107, 108, 109, 110, 111, 112, 113, 114, 115, 116, 117, 118, 119, 120, 121, 122, 123, 124, 125, 126, 127, 128, 129, 130, 131, 132, 133, 134, 135, 136, 137, 138, 139, 140, 141, 142, 143, 144, 145, 146, 147, 148, 149, 150, 151, 152, 153, 154, 155, 156, 157, 158, 159, 160, 161, 162, 163, 164, 165, 166, 167, 168, 169, 170, 171, 172, 173, 174, 175, 176, 177, 178, 179, 180, 181, 182, 183, 184, 185, 186, 187, 188, 189, 190, 191, 192, 193, 194, 195, 196, 197, 198, 199, 203, 207, 208, 212, 213, 217, 218, 222, 223, 227, 231, 235, 236, 240, 241, 245, 249, 250, 254, 258, 262, 263, 267, 271, 272, 276, 280, 284, 288, 289, 293, 294, 298, 299, 303, 307, 308, 312, 316, 317, 321]
2- 4+ 3-|5+ 1-:118:[103, 104, 105, 106, 107, 108, 111, 112, 113, 114, 117, 118, 119, 122, 123, 124, 125, 128, 129, 130, 131, 132, 133, 134, 135, 136, 137, 138, 139, 140, 141, 142, 143, 144, 145, 146, 147, 148, 149, 152, 153, 154, 157, 158, 159, 160, 163, 164, 165, 166, 167, 168, 169, 170, 173, 174, 175, 176, 177, 178, 179, 182, 183, 184, 187, 188, 189, 190, 191, 192, 193, 194, 195, 196, 197, 198, 199, 203, 207, 208, 212, 213, 217, 218, 222, 223, 227, 231, 235, 236, 240, 241, 245, 249, 250, 254, 258, 262, 263, 267, 271, 272, 276, 280, 284, 288, 289, 293, 294, 298, 299, 303, 307, 308, 312, 316, 317, 321]
5+ 3-|4+ 2-|1-:112:[3, 4, 7, 8, 11, 12, 16, 17, 20, 21, 24, 25, 28, 29, 32, 33, 37, 38, 41, 42, 46, 47, 51, 52, 56, 57, 61, 62, 65, 66, 69, 70, 74, 75, 78, 79, 82, 83, 87, 88, 92, 93, 96, 97, 98, 99, 100, 101, 102, 109, 110, 115, 116, 120, 121, 126, 127, 150, 151, 155, 156, 161, 162, 171, 172, 180, 181, 185, 186, 196, 199, 203, 207, 208, 212, 213, 217, 218, 222, 223, 227, 231, 235, 236, 240, 241, 245, 249, 250, 254, 258, 262, 263, 267, 271, 272, 276, 280, 284, 288, 289, 293, 294, 298, 299, 303, 307, 308, 312, 316, 317, 321]
2- 4+|5+ 3- 1-:90:[4, 8, 12, 17, 21, 25, 29, 33, 38, 42, 47, 52, 57, 62, 66, 70, 75, 79, 83, 88, 93, 97, 98, 99, 100, 101, 102, 109, 110, 115, 116, 120, 121, 126, 127, 150, 151, 155, 156, 161, 162, 171, 172, 180, 181, 185, 186, 196, 199, 203, 207, 208, 212, 213, 217, 218, 222, 223, 227, 231, 235, 236, 240, 241, 245, 249, 250, 254, 258, 262, 263, 267, 271, 272, 276, 280, 284, 288, 289, 293, 294, 298, 299, 303, 307, 308, 312, 316, 317, 321]
5+ 3-|2- 4+ 1-:65:[3, 7, 11, 16, 20, 24, 28, 32, 37, 41, 46, 51, 56, 61, 65, 69, 74, 78, 82, 87, 92, 96, 196, 199, 203, 207, 208, 212, 213, 217, 218, 222, 223, 227, 231, 235, 236, 240, 241, 245, 249, 250, 254, 258, 262, 263, 267, 271, 272, 276, 280, 284, 288, 289, 293, 294, 298, 299, 303, 307, 308, 312, 316, 317, 321]
4+ 2- 3- 5+ 1-:43:[196, 199, 203, 207, 208, 212, 213, 217, 218, 222, 223, 227, 231, 235, 236, 240, 241, 245, 249, 250, 254, 258, 262, 263, 267, 271, 272, 276, 280, 284, 288, 289, 293, 294, 298, 299, 303, 307, 308, 312, 316, 317, 321]
5- 1-|4+|3-|2-:157:[0, 1, 2, 3, 5, 6, 7, 9, 10, 11, 13, 14, 15, 16, 18, 19, 20, 22, 23, 24, 26, 27, 28, 30, 31, 32, 34, 35, 36, 37, 39, 40, 41, 43, 44, 45, 46, 48, 49, 50, 51, 53, 54, 55, 56, 58, 59, 60, 61, 63, 64, 65, 67, 68, 69, 71, 72, 73, 74, 76, 77, 78, 80, 81, 82, 84, 85, 86, 87, 89, 90, 91, 92, 94, 95, 96, 200, 201, 202, 204, 205, 206, 209, 210, 211, 214, 215, 216, 219, 220, 221, 224, 225, 226, 228, 229, 230, 232, 233, 234, 237, 238, 239, 242, 243, 244, 246, 247, 248, 251, 252, 253, 255, 256, 257, 259, 260, 261, 264, 265, 266, 268, 269, 270, 273, 274, 275, 277, 278, 279, 281, 282, 283, 285, 286, 287, 290, 291, 292, 295, 296, 297, 300, 301, 302, 304, 305, 306, 309, 310, 311, 313, 314, 315, 318, 319, 320]
5- 3-|2- 4+|1-:179:[0, 1, 5, 9, 13, 18, 22, 26, 30, 34, 39, 43, 48, 53, 58, 63, 67, 71, 76, 80, 84, 89, 94, 103, 104, 105, 106, 107, 108, 111, 112, 113, 114, 117, 118, 119, 122, 123, 124, 125, 128, 129, 130, 131, 132, 133, 134, 135, 136, 137, 138, 139, 140, 141, 142, 143, 144, 145, 146, 147, 148, 149, 152, 153, 154, 157, 158, 159, 160, 163, 164, 165, 166, 167, 168, 169, 170, 173, 174, 175, 176, 177, 178, 179, 182, 183, 184, 187, 188, 189, 190, 191, 192, 193, 194, 195, 197, 198, 200, 201, 202, 204, 205, 206, 209, 210, 211, 214, 215, 216, 219, 220, 221, 224, 225, 226, 228, 229, 230, 232, 233, 234, 237, 238, 239, 242, 243, 244, 246, 247, 248, 251, 252, 253, 255, 256, 257, 259, 260, 261, 264, 265, 266, 268, 269, 270, 273, 274, 275, 277, 278, 279, 281, 282, 283, 285, 286, 287, 290, 291, 292, 295, 296, 297, 300, 301, 302, 304, 305, 306, 309, 310, 311, 313, 314, 315, 318, 319, 320]
4+ 2-|5- 1-|3-:126:[0, 1, 3, 5, 7, 9, 11, 13, 16, 18, 20, 22, 24, 26, 28, 30, 32, 34, 37, 39, 41, 43, 46, 48, 51, 53, 56, 58, 61, 63, 65, 67, 69, 71, 74, 76, 78, 80, 82, 84, 87, 89, 92, 94, 96, 200, 201, 202, 204, 205, 206, 209, 210, 211, 214, 215, 216, 219, 220, 221, 224, 225, 226, 228, 229, 230, 232, 233, 234, 237, 238, 239, 242, 243, 244, 246, 247, 248, 251, 252, 253, 255, 256, 257, 259, 260, 261, 264, 265, 266, 268, 269, 270, 273, 274, 275, 277, 278, 279, 281, 282, 283, 285, 286, 287, 290, 291, 292, 295, 296, 297, 300, 301, 302, 304, 305, 306, 309, 310, 311, 313, 314, 315, 318, 319, 320]
2- 4+|5- 3- 1-:104:[0, 1, 5, 9, 13, 18, 22, 26, 30, 34, 39, 43, 48, 53, 58, 63, 67, 71, 76, 80, 84, 89, 94, 200, 201, 202, 204, 205, 206, 209, 210, 211, 214, 215, 216, 219, 220, 221, 224, 225, 226, 228, 229, 230, 232, 233, 234, 237, 238, 239, 242, 243, 244, 246, 247, 248, 251, 252, 253, 255, 256, 257, 259, 260, 261, 264, 265, 266, 268, 269, 270, 273, 274, 275, 277, 278, 279, 281, 282, 283, 285, 286, 287, 290, 291, 292, 295, 296, 297, 300, 301, 302, 304, 305, 306, 309, 310, 311, 313, 314, 315, 318, 319, 320]
5-|4+ 1-|3-|2-:177:[2, 3, 6, 7, 10, 11, 14, 15, 16, 19, 20, 23, 24, 27, 28, 31, 32, 35, 36, 37, 40, 41, 44, 45, 46, 49, 50, 51, 54, 55, 56, 59, 60, 61, 64, 65, 68, 69, 72, 73, 74, 77, 78, 81, 82, 85, 86, 87, 90, 91, 92, 95, 96, 196, 199, 200, 201, 202, 203, 204, 205, 206, 207, 208, 209, 210, 211, 212, 213, 214, 215, 216, 217, 218, 219, 220, 221, 222, 223, 224, 225, 226, 227, 228, 229, 230, 231, 232, 233, 234, 235, 236, 237, 238, 239, 240, 241, 242, 243, 244, 245, 246, 247, 248, 249, 250, 251, 252, 253, 254, 255, 256, 257, 258, 259, 260, 261, 262, 263, 264, 265, 266, 267, 268, 269, 270, 271, 272, 273, 274, 275, 276, 277, 278, 279, 280, 281, 282, 283, 284, 285, 286, 287, 288, 289, 290, 291, 292, 293, 294, 295, 296, 297, 298, 299, 300, 301, 302, 303, 304, 305, 306, 307, 308, 309, 310, 311, 312, 313, 314, 315, 316, 317, 318, 319, 320, 321]
5-|4+ 1-|2- 3-:155:[2, 6, 10, 14, 15, 19, 23, 27, 31, 35, 36, 40, 44, 45, 49, 50, 54, 55, 59, 60, 64, 68, 72, 73, 77, 81, 85, 86, 90, 91, 95, 196, 199, 200, 201, 202, 203, 204, 205, 206, 207, 208, 209, 210, 211, 212, 213, 214, 215, 216, 217, 218, 219, 220, 221, 222, 223, 224, 225, 226, 227, 228, 229, 230, 231, 232, 233, 234, 235, 236, 237, 238, 239, 240, 241, 242, 243, 244, 245, 246, 247, 248, 249, 250, 251, 252, 253, 254, 255, 256, 257, 258, 259, 260, 261, 262, 263, 264, 265, 266, 267, 268, 269, 270, 271, 272, 273, 274, 275, 276, 277, 278, 279, 280, 281, 282, 283, 284, 285, 286, 287, 288, 289, 290, 291, 292, 293, 294, 295, 296, 297, 298, 299, 300, 301, 302, 303, 304, 305, 306, 307, 308, 309, 310, 311, 312, 313, 314, 315, 316, 317, 318, 319, 320, 321]
3-|5- 4+ 1-|2-:134:[2, 3, 6, 7, 10, 11, 14, 15, 16, 19, 20, 23, 24, 27, 28, 31, 32, 35, 36, 37, 40, 41, 44, 45, 46, 49, 50, 51, 54, 55, 56, 59, 60, 61, 64, 65, 68, 69, 72, 73, 74, 77, 78, 81, 82, 85, 86, 87, 90, 91, 92, 95, 96, 200, 201, 202, 204, 205, 206, 209, 210, 211, 214, 215, 216, 219, 220, 221, 224, 225, 226, 228, 229, 230, 232, 233, 234, 237, 238, 239, 242, 243, 244, 246, 247, 248, 251, 252, 253, 255, 256, 257, 259, 260, 261, 264, 265, 266, 268, 269, 270, 273, 274, 275, 277, 278, 279, 281, 282, 283, 285, 286, 287, 290, 291, 292, 295, 296, 297, 300, 301, 302, 304, 305, 306, 309, 310, 311, 313, 314, 315, 318, 319, 320]
2- 3-|1-|5- 4+:187:[2, 6, 10, 14, 15, 19, 23, 27, 31, 35, 36, 40, 44, 45, 49, 50, 54, 55, 59, 60, 64, 68, 72, 73, 77, 81, 85, 86, 90, 91, 95, 103, 104, 105, 106, 107, 108, 111, 112, 113, 114, 117, 118, 119, 122, 123, 124, 125, 128, 129, 130, 131, 132, 133, 134, 135, 136, 137, 138, 139, 140, 141, 142, 143, 144, 145, 146, 147, 148, 149, 152, 153, 154, 157, 158, 159, 160, 163, 164, 165, 166, 167, 168, 169, 170, 173, 174, 175, 176, 177, 178, 179, 182, 183, 184, 187, 188, 189, 190, 191, 192, 193, 194, 195, 197, 198, 200, 201, 202, 204, 205, 206, 209, 210, 211, 214, 215, 216, 219, 220, 221, 224, 225, 226, 228, 229, 230, 232, 233, 234, 237, 238, 239, 242, 243, 244, 246, 247, 248, 251, 252, 253, 255, 256, 257, 259, 260, 261, 264, 265, 266, 268, 269, 270, 273, 274, 275, 277, 278, 279, 281, 282, 283, 285, 286, 287, 290, 291, 292, 295, 296, 297, 300, 301, 302, 304, 305, 306, 309, 310, 311, 313, 314, 315, 318, 319, 320]
2- 3-|5- 4+ 1-:112:[2, 6, 10, 14, 15, 19, 23, 27, 31, 35, 36, 40, 44, 45, 49, 50, 54, 55, 59, 60, 64, 68, 72, 73, 77, 81, 85, 86, 90, 91, 95, 200, 201, 202, 204, 205, 206, 209, 210, 211, 214, 215, 216, 219, 220, 221, 224, 225, 226, 228, 229, 230, 232, 233, 234, 237, 238, 239, 242, 243, 244, 246, 247, 248, 251, 252, 253, 255, 256, 257, 259, 260, 261, 264, 265, 266, 268, 269, 270, 273, 274, 275, 277, 278, 279, 281, 282, 283, 285, 286, 287, 290, 291, 292, 295, 296, 297, 300, 301, 302, 304, 305, 306, 309, 310, 311, 313, 314, 315, 318, 319, 320]
5-|3-|4+ 2- 1-:146:[3, 7, 11, 16, 20, 24, 28, 32, 37, 41, 46, 51, 56, 61, 65, 69, 74, 78, 82, 87, 92, 96, 196, 199, 200, 201, 202, 203, 204, 205, 206, 207, 208, 209, 210, 211, 212, 213, 214, 215, 216, 217, 218, 219, 220, 221, 222, 223, 224, 225, 226, 227, 228, 229, 230, 231, 232, 233, 234, 235, 236, 237, 238, 239, 240, 241, 242, 243, 244, 245, 246, 247, 248, 249, 250, 251, 252, 253, 254, 255, 256, 257, 258, 259, 260, 261, 262, 263, 264, 265, 266, 267, 268, 269, 270, 271, 272, 273, 274, 275, 276, 277, 278, 279, 280, 281, 282, 283, 284, 285, 286, 287, 288, 289, 290, 291, 292, 293, 294, 295, 296, 297, 298, 299, 300, 301, 302, 303, 304, 305, 306, 307, 308, 309, 310, 311, 312, 313, 314, 315, 316, 317, 318, 319, 320, 321]
3-|2- 5- 4+ 1-:103:[3, 7, 11, 16, 20, 24, 28, 32, 37, 41, 46, 51, 56, 61, 65, 69, 74, 78, 82, 87, 92, 96, 200, 201, 202, 204, 205, 206, 209, 210, 211, 214, 215, 216, 219, 220, 221, 224, 225, 226, 228, 229, 230, 232, 233, 234, 237, 238, 239, 242, 243, 244, 246, 247, 248, 251, 252, 253, 255, 256, 257, 259, 260, 261, 264, 265, 266, 268, 269, 270, 273, 274, 275, 277, 278, 279, 281, 282, 283, 285, 286, 287, 290, 291, 292, 295, 296, 297, 300, 301, 302, 304, 305, 306, 309, 310, 311, 313, 314, 315, 318, 319, 320]
4+ 2- 3-|5-|1-:199:[103, 104, 105, 106, 107, 108, 111, 112, 113, 114, 117, 118, 119, 122, 123, 124, 125, 128, 129, 130, 131, 132, 133, 134, 135, 136, 137, 138, 139, 140, 141, 142, 143, 144, 145, 146, 147, 148, 149, 152, 153, 154, 157, 158, 159, 160, 163, 164, 165, 166, 167, 168, 169, 170, 173, 174, 175, 176, 177, 178, 179, 182, 183, 184, 187, 188, 189, 190, 191, 192, 193, 194, 195, 196, 197, 198, 199, 200, 201, 202, 203, 204, 205, 206, 207, 208, 209, 210, 211, 212, 213, 214, 215, 216, 217, 218, 219, 220, 221, 222, 223, 224, 225, 226, 227, 228, 229, 230, 231, 232, 233, 234, 235, 236, 237, 238, 239, 240, 241, 242, 243, 244, 245, 246, 247, 248, 249, 250, 251, 252, 253, 254, 255, 256, 257, 258, 259, 260, 261, 262, 263, 264, 265, 266, 267, 268, 269, 270, 271, 272, 273, 274, 275, 276, 277, 278, 279, 280, 281, 282, 283, 284, 285, 286, 287, 288, 289, 290, 291, 292, 293, 294, 295, 296, 297, 298, 299, 300, 301, 302, 303, 304, 305, 306, 307, 308, 309, 310, 311, 312, 313, 314, 315, 316, 317, 318, 319, 320, 321]
2- 4+ 3- 1-|5-:124:[196, 199, 200, 201, 202, 203, 204, 205, 206, 207, 208, 209, 210, 211, 212, 213, 214, 215, 216, 217, 218, 219, 220, 221, 222, 223, 224, 225, 226, 227, 228, 229, 230, 231, 232, 233, 234, 235, 236, 237, 238, 239, 240, 241, 242, 243, 244, 245, 246, 247, 248, 249, 250, 251, 252, 253, 254, 255, 256, 257, 258, 259, 260, 261, 262, 263, 264, 265, 266, 267, 268, 269, 270, 271, 272, 273, 274, 275, 276, 277, 278, 279, 280, 281, 282, 283, 284, 285, 286, 287, 288, 289, 290, 291, 292, 293, 294, 295, 296, 297, 298, 299, 300, 301, 302, 303, 304, 305, 306, 307, 308, 309, 310, 311, 312, 313, 314, 315, 316, 317, 318, 319, 320, 321]
3- 1-|2- 5- 4+:128:[4, 8, 12, 17, 21, 25, 29, 33, 38, 42, 47, 52, 57, 62, 66, 70, 75, 79, 83, 88, 93, 97, 98, 99, 100, 101, 102, 109, 110, 115, 116, 120, 121, 126, 127, 150, 151, 155, 156, 161, 162, 171, 172, 180, 181, 185, 186, 200, 201, 202, 204, 205, 206, 209, 210, 211, 214, 215, 216, 219, 220, 221, 224, 225, 226, 228, 229, 230, 232, 233, 234, 237, 238, 239, 242, 243, 244, 246, 247, 248, 251, 252, 253, 255, 256, 257, 259, 260, 261, 264, 265, 266, 268, 269, 270, 273, 274, 275, 277, 278, 279, 281, 282, 283, 285, 286, 287, 290, 291, 292, 295, 296, 297, 300, 301, 302, 304, 305, 306, 309, 310, 311, 313, 314, 315, 318, 319, 320]
2- 5- 4+ 3-|1-:156:[103, 104, 105, 106, 107, 108, 111, 112, 113, 114, 117, 118, 119, 122, 123, 124, 125, 128, 129, 130, 131, 132, 133, 134, 135, 136, 137, 138, 139, 140, 141, 142, 143, 144, 145, 146, 147, 148, 149, 152, 153, 154, 157, 158, 159, 160, 163, 164, 165, 166, 167, 168, 169, 170, 173, 174, 175, 176, 177, 178, 179, 182, 183, 184, 187, 188, 189, 190, 191, 192, 193, 194, 195, 197, 198, 200, 201, 202, 204, 205, 206, 209, 210, 211, 214, 215, 216, 219, 220, 221, 224, 225, 226, 228, 229, 230, 232, 233, 234, 237, 238, 239, 242, 243, 244, 246, 247, 248, 251, 252, 253, 255, 256, 257, 259, 260, 261, 264, 265, 266, 268, 269, 270, 273, 274, 275, 277, 278, 279, 281, 282, 283, 285, 286, 287, 290, 291, 292, 295, 296, 297, 300, 301, 302, 304, 305, 306, 309, 310, 311, 313, 314, 315, 318, 319, 320]
4+ 5- 2- 3- 1-:81:[200, 201, 202, 204, 205, 206, 209, 210, 211, 214, 215, 216, 219, 220, 221, 224, 225, 226, 228, 229, 230, 232, 233, 234, 237, 238, 239, 242, 243, 244, 246, 247, 248, 251, 252, 253, 255, 256, 257, 259, 260, 261, 264, 265, 266, 268, 269, 270, 273, 274, 275, 277, 278, 279, 281, 282, 283, 285, 286, 287, 290, 291, 292, 295, 296, 297, 300, 301, 302, 304, 305, 306, 309, 310, 311, 313, 314, 315, 318, 319, 320]
:322:[0, 1, 2, 3, 4, 5, 6, 7, 8, 9, 10, 11, 12, 13, 14, 15, 16, 17, 18, 19, 20, 21, 22, 23, 24, 25, 26, 27, 28, 29, 30, 31, 32, 33, 34, 35, 36, 37, 38, 39, 40, 41, 42, 43, 44, 45, 46, 47, 48, 49, 50, 51, 52, 53, 54, 55, 56, 57, 58, 59, 60, 61, 62, 63, 64, 65, 66, 67, 68, 69, 70, 71, 72, 73, 74, 75, 76, 77, 78, 79, 80, 81, 82, 83, 84, 85, 86, 87, 88, 89, 90, 91, 92, 93, 94, 95, 96, 97, 98, 99, 100, 101, 102, 103, 104, 105, 106, 107, 108, 109, 110, 111, 112, 113, 114, 115, 116, 117, 118, 119, 120, 121, 122, 123, 124, 125, 126, 127, 128, 129, 130, 131, 132, 133, 134, 135, 136, 137, 138, 139, 140, 141, 142, 143, 144, 145, 146, 147, 148, 149, 150, 151, 152, 153, 154, 155, 156, 157, 158, 159, 160, 161, 162, 163, 164, 165, 166, 167, 168, 169, 170, 171, 172, 173, 174, 175, 176, 177, 178, 179, 180, 181, 182, 183, 184, 185, 186, 187, 188, 189, 190, 191, 192, 193, 194, 195, 196, 197, 198, 199, 200, 201, 202, 203, 204, 205, 206, 207, 208, 209, 210, 211, 212, 213, 214, 215, 216, 217, 218, 219, 220, 221, 222, 223, 224, 225, 226, 227, 228, 229, 230, 231, 232, 233, 234, 235, 236, 237, 238, 239, 240, 241, 242, 243, 244, 245, 246, 247, 248, 249, 250, 251, 252, 253, 254, 255, 256, 257, 258, 259, 260, 261, 262, 263, 264, 265, 266, 267, 268, 269, 270, 271, 272, 273, 274, 275, 276, 277, 278, 279, 280, 281, 282, 283, 284, 285, 286, 287, 288, 289, 290, 291, 292, 293, 294, 295, 296, 297, 298, 299, 300, 301, 302, 303, 304, 305, 306, 307, 308, 309, 310, 311, 312, 313, 314, 315, 316, 317, 318, 319, 320, 321]
