100100
110001101000
101010
110001001000010100110100100001000000000000
100000100000
100001010000
000000
1100110111101000
10010000010100100100000000
101011100
100100101101001000000
101111010
010101000
111
11000000000110101000100000000
10000000101000000
10100011001010100000000
100001000001010010000000
10000001010100000
10001100010000
00000000001000000
00000010000
110001000101000010010001001011001001000000010001000100001000
11000000000100110101000010000000100
11001010111010100001
11000011010001
1001000010010100010010001000010
10000000001010000010
10100111001
10001001
10100010110100101010000000100100
1000001000000001011001001000000100010
1000000101010100000010
1001000010010000110010000100010010
1010110101001
1000000000110010001001
10010101
100010110001001010
010010100001
10111
0000000000010000010
00000001
0000000100010
01
1001000010010000000
100010000101000000000
1010100
100110101
1011010
0101010110000000010
0110101000000
001001000001
0100000
101111
011
1111
001000010000
1
11000100010001000010001000100010001000010001000010000100001000010001000100001000
1100010010000001010011000001000101000100000000000000
1100000000001001100001010000010000000000100
1100000000001100010100010000000000
1001000001001010001000000011000001000010
10010000001010010000001100000000
1010001110000001
1010011100000
10001000000100001000000000
1000000000010000100000010
10000000010001000000
100001000001
100010000
1010000010110100010000100100100000100100100
100000100000000001000100010010001000000000100010
100000001010001010000000010
10000100000010000100100000000
1010000011001000010010100000000
10101000010
100000001000101000000
100100010
0000000000000001000000010
0101001001100000000000010000010
001000010000000000001
0100010100000001
000000000001
011001010000000000
010010100000
01000000000
000000000000001000000
000000000
100001011000000110001010
10011001
00000000001000010
00001
1000011000000110000
101100
001000000010000
00000000010000
1000
000
1100000000001100010011000100000000
100100000100100100001000000100000101000010
100100000010100100010000000000
101000101010000001
101001110000
1000000001001000000
10001000
1001010010001001000001000100
10001100100001010
10000100000010010001100000000
1010100100
100000001001001100000
10010010
000000000000000001000010000000000
0000000000010000000
00011000000100011
00000
010100101100000000010000010
010001010000001
011001010000010000
01001010000
01000000100
00000000000010000000
00000000
10000101100000100101010
1001101
01000000010
0001
10000110000100000
10110
00100000010000
0000000010000
100
00
1100000100000000010100100010010010000100010001000
11000001000000000001000100100100100000100010010001000
11000010000000001011001010000010010001000
100010010001010000100000000100000
10000100001000100001000
101010110100000110
101101101010
10001100010101000000100000
1000010000100100001000
1000100001010001000
10010100010
10101010
100110010100101000100
1001101001010
10000100100000001000001001000001010000
1000010010000000001001000011000000010000
10000101000000101001000010000
100001000001000101000010100
101010100100001
10000100001001001100000100
10011001001
1011010101
100010000101010000100
10110101
0110010100010000000100000001010110000
0100110010000001100
101110011
00101000001000100
0000001000000000100000000100000100000010010010000000
000010010000010000010000
000001000000000000100010000
000100000100100
01001000000000100100
101001
0011000001
00010000000100
0010011
0101
0000010000000000010010000
001010000001000100
0001000000100100
001000111
01001
0110101001000100000110000
01011010100
01010000100
00001000000010010000
00100100
0111
11111
00110000100100
0010000100100
111
11
1001000000010001000100100000010000010001000001010000
100100000010010001010100010000000010000
1001000000000110000100001000
10000000001100000100
1010000010100110000010000001001000010100
101000101001100001000000101
100000000000000100000100010000010100
1000000010001000101
101000001001001010100000001010000000010100
1010000101001110000010000010100
10100101001110000001
100000000000101001000000100
1000000001100001010000010
10000001100001
101000001100010010000001
1000000000000001001001001000000100
100000010010010001
1010000000100001100010000000100010001000
1000000001100010000100010
101000011100100001
1000000000011001010000100
10000011001001
10010010000100000010100
0001000000000010001000011001000
1000000000010000001100
0001000010000010000010000111
001000010000100000011
00010000000001000000110000
0100000100011
000000110000010011
0000010001
00010000000000000100010000101001000
000000000000010000001000010000010000
00000000000000010001000100
01000000100011
000000100010000011
00000001001
0000100000000100100010000001010010000000
0010000010000110000
0100100100010000100
010000001000100
0000000000010100010000010000
00000001000100
1000101001000100110
010000100100000111
0000010011
10101001001
001000000001001000011001000
0000000001001000100
100001001
1000010011
00001001
10100011100000100000000
10000000010001000101000010
10000011000000100000010
1000010001000000
10000000110001000010
10101001101000000010010011000000
10100011100010100000000
10110011010000101000000
101001110010000000
1001001000001001010000
1010010001010000
1000010010100000
10000110010000010
100010100000
100001010100010
10100000010100001001000010010000001000
10100000101100100000100001000
10000000010010010001000010
1000000011001000100010
1010010000100101000000
100010001010000
100101000101001000
10100100100100000000
10001001010000
1010101001000000
10101010101000
100101010000
00000000001000100000
01000011000
0000001000010010
0000001000000100
00001000
000000000010001000000
00000000100010010
000001000
00000000000100001000000000
000000000100001001000
000000100000
00010010
101101000
100000100010010
00000100010010
00000001000100000
1001000
10011000
001000
1100010010000100100010010010001000001001000000000000
110000000000010010100100010010000000
100100000100100010000010000100000
1001000000000001000100000010000001000
10010000001000000100000000
10000000000010010000000100
10000000100000000
10100100100101010000010001
10000000001010000100000010
100000000101000001
101001010100001000000000
1010101010000
100010000001000010000101000
10000000001000010001000
10000010001000000
1000010000
10010000100010000000100100100001001001000010010
10000000000001010010000001001
100001000000001010001000000000
10010010010001001000101000000
10000000101000000
100000000000110010000100100010
10100000101000010100000
100000010100101000
10100000100110010000001
1000000001100100001
1010000010010000
10100010100
100010000000101001000000100
1000000000101001000000
1000010100
101010000
100000000
000000010010000000100001000
000000000000
00000000100000100
000000
010010011000000000100
0000010000000000
0000000
0000000000000010000010001000
0000000000000000100001000000000
00000000000100000
000000000000000100000010
01001001000000010001
0000000000001
0100100010000000100000101100
01101001000000100000
010100100000100
010000000000100000100
010000000000
000000000000001000000
0000000000010000100
0000000000
100010010000100001010000110
1010100001
0100000100000010000000100111
000000001000011
010000000111
000001
10101000010000
10100100001000011
1101000
100000000100000100010
1000000010001
10000000100011
0000000010000100010
000000010001
001000000001000100
000000000001000100000
000000000010000
100000001000
10000
100001
0000001000
0000
100000001010001000000000
1000110000000
10000001010100000000
100011000000000
100110000
10001100001001000000
100110100100000
1001100010000
1001001001000001000
101101000
1001110000100010
1010000000
00000110000001
00001000000000000
001000101
01000
00000010000001000010000000
10000110100000001010000100
0010001000010000000
00000100001000000
10100000
0000001000010000010001000
0010000010000
10011100000010010
001000001
10111000001
000001000100001
010000
010101100000
000100000
0000001001000000011
1000001000010000011
000001001000001
10101100000000010
1101100000
101000000
0010000001
0100000
10111000010
0000011000011
011000011
01001
1000110100010000000
111100
10000101000011
00000110000010001000
00001100001
0010010010000010000
001001001000000
000001000100001000000
00001001000000
1100
11001
010010000
100
1000000001000000000
1000000100000
1000010100000
1000100
10000000001010001000000
100000010100000
100000000100001010000000
100000001010100000
1001010
1011000
0100000001000
10000
001000011
0100000010100000
010001
00100000101
0100000
000000000
00001
000
0000000000010000
01000000001000
000001000000000000000
00100000111
0100001
0000000000
00100000001
01000000
000001
0000
01000000000000
000000000000
01000000
0001000000000
0000000
000000000000100001011
00000000010001
1000001
0010000000101
01000000
000000011
00000
0000000100011
010001
01011
0100010
001
101100001000
1110
000001001
000000010000
10001000
10
100001100000
101
0001000
1000
0
1100101011100101001000100001
110011011101010001000
110001010100100
1010011100000101000000
101001110001001
101011100010
1010010000100110000
10101000110
10001001010000
10010010
1010110010101001001
1000010000001001001000010000
10000000100010001000
100000100100100
10100011000101010000100000
101110101010
1010101001
1000000010101000100
10010101
00000000000000101000
00000001
00000000010100000
00000001100
0001
00000000000000001000010000
000000000001000100
000000001
00000000100
00001
000010000000010001010000
0000001000
01010000001100
0010001100
010000100
00000000000100010000
00000100
00000100001000000011
1000000000100001011
0000000001000011
101000000001000
1000000100
10000011
010000001
000001
100010100000100011000110
1011101001
10110101
00000100100000111
0000000100111
011000001011
0100011
010111
0011
101100000100101000
101100011000
1110001
1000110000100100
1111010
10101000010011
11101
000001010000001010001000
00001010000011
00000010001100010
0000010011
0010000010010100
0000000100100
100011
001
101
1011
00011000
10001
01
110001001010001000
11000101010000
1010111000010010
10101110000
1001000010
10010000
10010100010001000000
10101010000000
10100100000100
10001000100
1000100100
1010010100010
101010100
1000001010000
10001010010
10010100
1011100000101100
0100001001
01000000100001011
01000101
00000001000
000000100
00000101000000001
01000000
000000100001
0000
0100000001
01000000010000011
01000001
0000010000100001001
0100000100
0000000010001
00000
0000000000000000110000000
00000000001000
0000000000010000000
00000000100
00000000
10000000001
100000001
00000000
00000000000100000
000000
0000101
0001
11110001010
111000101
1111000100
111100
11100
10000010000100
100000100011
0000101000001
0000010001
00000101000
1000001
100000011
000001
10001
100011
0001
0000000100000
10001
000
100
1001
00001000
10000
00
11000000000110010100001000000000
1000000100000000
1000010001000000
101101101001010
10001000
10010000010100100010000000000
10000010000000
10000000100100001000010
1010111000
100010000100001100001000
1000000010010000000
10101001010
10001000100000
1001000
1000010010100000010
101101001001
100100100
100000001001001001001000010
1010100100100000000
10010010100000
1001000010
10110010
100010000100010100000100
1000000100101000000
1001000100
101100101
1010010
1011000000100
0000000
000000101
000
000000010
0000
01000000000
01001010000010001
000000000
0110101000000000
01010100000
010000000
000000000001000000
0000000
100000010000011
100001
00001001000
0000100100000001
000000100001
000
00000010
00000
10111000000010
1011001
010000001
01000011
00001
0100001
0000100010
001
1110001
1110
100000001000100010
10000010011
000010100001
0000000100010010
000001001
001
001000000100100
000000001000100000
000000010000
10000100000
100
1001
000010000
10000
00
100010000
110000010000
10
101
0001000
1000
0
100100001000100000000
1000001000000
1000000000001001000100100000100
1000000101000001
10000000100011000000
10010000
1000100100000
1001000
10010010110010010100000000
10000100100000
100100101010000
100000000001010010100000100
1000001010010001
100000010010100000
1010010
000000000110
0000000
0000
0000000
000000000000
000
000000
0000000000011
00000000
00000
0000000100000
0000001
000001
0000
010110100010100
001000100
00000001000000
00100100000001
0000000001
0101011000001000
010101000100
01000000
0001000000
0000000
000000001000000
000000001000100011
00000
10001
100000010000100100
1000
0000001000101
000
0000000010100
0000000
000000011
00000
000000100011
000011
010001
001
10110010000
11110000
1110
00000010001
00000000001001000100
10000010001
000001001
00010
001
000000010000
00
100
10000000
00
10001000
110000
10
101
0001000
1000
0
110001010100100000
1100110111101010000
11000110101000
1000000110001001
101001110100001
10101110100
10010001000
10010100
100001010010000
101111010100
10010001001000
1010101010000
101101010
10010101000
10101010
1011000100
000000010
00000010
000001
0000000100
00001
00001
000011
00000010
000001000011
0001
000000100
000001
0000011
00001
000010000000011000010000
0000001000
00100010100
0000000000011000000
00000100
000000001100000
000100
0001001
100100
0010
000001
1011100101
10110101
0000010001011
0011
101101010000
11110010
1111011
111101
11101
000001100000101000001000
0000110000101
00000100010100010
0000100011
000101
0011
0010000011000100
0000000110000
1000100
100010
10011
00010
001
10011
001
001
101
1011
00101000
10010
01
1000110000000000
100010000000
100110000000
10010100001000
10101001000
10001000000
100100000
100100100000
10010100100
101010000
00000100100000
000100
100010000
0001000
00010100000
00001000010100
00100
101000100
100000
0100100
000001000000
01000000
00000010
00000
10100000000
1000000
0000000000000
010000000
1011000000
000000
0000000000
0000000000000
000000000
00000100000
00000
11010000000
0000000100000
01000000000
0000000
0000010000100
000010
00001000100
00010
11100000
1110000100
1110000
10101000010001100
1110000
11100100
10101001000100
111000
0000010001100
000001000100
00001000100
000001100000
100001000
00100
00000010000000
0000
0000
0000100000
100000
0000
110100
1100000
1000
10100
000100000
100000
000
11000011010000001
11000110100000
10000000001010000000010
100010000
10001000010100000000000
101010000
100000001010000000
1001000000
1000100001
1001000
100110100010000000
1001010010000
100101000
1010100
0001
111001
00011
001
00000000010
000001
0000000
000000
000
000000000100000
000000
0000
00000000
0101010000
00000000
0000000
000001001
00000100001
00001
000
0000000001000001
0000000100001
000000
000000000
000000
0000000100
0000000
0000001
00000
101101
0001
00011
001
111100
1110
0000010001
000001000010010
000010001
10000
1000000
0000
0001
001
00000001000000
00100001000100
0010000100000
000000100000
000
00
000
00
00
10
1100001
101
01000100000
0001000
1000
0
1000001000000
10000100000
1000011001000000010
1000000010100000000
1000101000000
100010001
1001000
10000000101010000000
100101000
10101010100001000
10010101000000
100000010101000000
1011010001
1010100
00000001000
0000000
0000
00010
00000
00001
000
01010100000
01000000
0000000
1110000
1110
000100
0100000010
00000
100000
0000010
0000
0000000100000
000000100000
00100
00
00010000
0001000010
10010000
100101000
0100100000
0010000
010001
1000
000000000100
00000010
001
00001
001
00000000
00000
000
00
100000
1000
10
10001
101
00000100
010
00
000000
00
00000000
0000
000001000001
000
00000
000010001
0
10101110000
100000001010000000
1001000000
1001000
1001010100000
100110100001
101101000
100101000
1010100
0000000
000000
00000
000
0101010000
00000000
00000000
0000000000100000000
0000000
101101
111010
1110
10000
00010000000
1000000
0000
00100001000100
0010000100000
000000000100000
000000100000
0010
00000000000
000000
000000
000
00
00100000
000001000100010
0010000
0000110000001
1000
000
000000
00
0000010
00101
00011000
00110
00100
00010
010
01001
0001
001
0000010001
000
00
10
10001
101
010
000000
00
00
000000000
0000
00000100001
000
0000000100001
00000
000010001
0
1100011010000
1010111000
100100100
1001000
101101001
10101000
1001010001
10101000
10110100
1011010000
1010100
0000
00010
000
000000000010000000
0000000
11110
1110
0001000000
000010
0000
00000001000010
0000000000100000
000000100000
00000
0000000
00
0010000
000011000001
10000
1000
0000
1001
000
00000
000
00
1010
001100
0010
0100
000010
010
001
00
100
10
1001
101
010
00000
00
00
000000010001
0000
000
00000
00
000010001
0
100101000
100010001
1000101000000
1001000
100000010101000000
1010100000
1010100
0000
000010000
00010
0000
000
01000000
0000000
100011000100000
1110000
1110
0000
0000000100000
0000000100000
000000100000
00
0100100000
0010000
010001
10000
100000
1000
00
010
000
00000
000
00
01011
0101
0001
0001
001
00000
1001
000
000
00
1010
10
10001
101
000010
0010
0100
010
00
0000
00
0000
0000
000
000000
00000
00
000010001
0
11000100010001000010001000100010001000010001000010000100001000010001000100001000
